1 1 1 1 -3.0333e-04 1.5266e-05 -2.8093e-05 1.5046e-06
1 1 2 1 -2.9244e-04 1.4722e-05 -2.8573e-05 1.5286e-06
1 1 3 1 -2.8414e-04 1.4307e-05 -2.8977e-05 1.5489e-06
1 1 4 1 -2.7734e-04 1.3967e-05 -2.9332e-05 1.5666e-06
1 1 5 1 -2.7215e-04 1.3707e-05 -2.9619e-05 1.5810e-06
1 1 6 1 -2.6792e-04 1.3496e-05 -2.9863e-05 1.5931e-06
1 1 7 1 -2.6479e-04 1.3340e-05 -3.0048e-05 1.6024e-06
1 1 8 1 -2.6236e-04 1.3218e-05 -3.0195e-05 1.6098e-06
1 1 9 1 -2.6078e-04 1.3139e-05 -3.0291e-05 1.6145e-06
1 1 10 1 -2.5976e-04 1.3088e-05 -3.0352e-05 1.6176e-06
1 1 11 1 -2.5950e-04 1.3075e-05 -3.0368e-05 1.6184e-06
1 1 12 1 -2.5977e-04 1.3088e-05 -3.0352e-05 1.6176e-06
1 1 13 1 -2.6079e-04 1.3140e-05 -3.0290e-05 1.6145e-06
1 1 14 1 -2.6238e-04 1.3219e-05 -3.0193e-05 1.6097e-06
1 1 15 1 -2.6483e-04 1.3341e-05 -3.0046e-05 1.6023e-06
1 1 16 1 -2.6797e-04 1.3498e-05 -2.9860e-05 1.5930e-06
1 1 17 1 -2.7221e-04 1.3710e-05 -2.9616e-05 1.5808e-06
1 1 18 1 -2.7741e-04 1.3971e-05 -2.9328e-05 1.5664e-06
1 1 19 1 -2.8424e-04 1.4312e-05 -2.8973e-05 1.5487e-06
1 1 20 1 -2.9256e-04 1.4728e-05 -2.8568e-05 1.5284e-06
1 1 21 1 -3.0347e-04 1.5274e-05 -2.8087e-05 1.5043e-06
1 1 22 1 -2.9244e-04 1.4722e-05 -2.8573e-05 1.5286e-06
1 1 23 1 -2.8136e-04 1.4168e-05 -2.9062e-05 1.5531e-06
1 1 24 1 -2.7290e-04 1.3745e-05 -2.9472e-05 1.5736e-06
1 1 25 1 -2.6595e-04 1.3397e-05 -2.9830e-05 1.5915e-06
1 1 26 1 -2.6064e-04 1.3132e-05 -3.0117e-05 1.6059e-06
1 1 27 1 -2.5629e-04 1.2915e-05 -3.0358e-05 1.6179e-06
1 1 28 1 -2.5307e-04 1.2753e-05 -3.0537e-05 1.6269e-06
1 1 29 1 -2.5054e-04 1.2627e-05 -3.0677e-05 1.6339e-06
1 1 30 1 -2.4889e-04 1.2544e-05 -3.0766e-05 1.6383e-06
1 1 31 1 -2.4783e-04 1.2491e-05 -3.0822e-05 1.6411e-06
1 1 32 1 -2.4755e-04 1.2478e-05 -3.0836e-05 1.6418e-06
1 1 33 1 -2.4783e-04 1.2492e-05 -3.0821e-05 1.6411e-06
1 1 34 1 -2.4891e-04 1.2545e-05 -3.0765e-05 1.6382e-06
1 1 35 1 -2.5057e-04 1.2628e-05 -3.0675e-05 1.6338e-06
1 1 36 1 -2.5310e-04 1.2755e-05 -3.0535e-05 1.6268e-06
1 1 37 1 -2.5634e-04 1.2917e-05 -3.0355e-05 1.6177e-06
1 1 38 1 -2.6070e-04 1.3135e-05 -3.0114e-05 1.6057e-06
1 1 39 1 -2.6603e-04 1.3401e-05 -2.9826e-05 1.5913e-06
1 1 40 1 -2.7299e-04 1.3750e-05 -2.9467e-05 1.5734e-06
1 1 41 1 -2.8147e-04 1.4174e-05 -2.9056e-05 1.5528e-06
1 1 42 1 -2.9259e-04 1.4729e-05 -2.8567e-05 1.5283e-06
1 1 43 1 -2.8414e-04 1.4307e-05 -2.8977e-05 1.5489e-06
1 1 44 1 -2.7290e-04 1.3745e-05 -2.9472e-05 1.5736e-06
1 1 45 1 -2.6429e-04 1.3315e-05 -2.9884e-05 1.5942e-06
1 1 46 1 -2.5721e-04 1.2960e-05 -3.0240e-05 1.6120e-06
1 1 47 1 -2.5176e-04 1.2688e-05 -3.0519e-05 1.6260e-06
1 1 48 1 -2.4728e-04 1.2464e-05 -3.0748e-05 1.6374e-06
1 1 49 1 -2.4389e-04 1.2295e-05 -3.0909e-05 1.6455e-06
1 1 50 1 -2.4122e-04 1.2161e-05 -3.1029e-05 1.6514e-06
1 1 51 1 -2.3944e-04 1.2072e-05 -3.1099e-05 1.6549e-06
1 1 52 1 -2.3828e-04 1.2014e-05 -3.1140e-05 1.6570e-06
1 1 53 1 -2.3799e-04 1.1999e-05 -3.1150e-05 1.6575e-06
1 1 54 1 -2.3829e-04 1.2015e-05 -3.1139e-05 1.6570e-06
1 1 55 1 -2.3946e-04 1.2073e-05 -3.1097e-05 1.6549e-06
1 1 56 1 -2.4124e-04 1.2162e-05 -3.1027e-05 1.6513e-06
1 1 57 1 -2.4393e-04 1.2297e-05 -3.0907e-05 1.6453e-06
1 1 58 1 -2.4733e-04 1.2466e-05 -3.0745e-05 1.6372e-06
1 1 59 1 -2.5182e-04 1.2691e-05 -3.0516e-05 1.6258e-06
1 1 60 1 -2.5729e-04 1.2964e-05 -3.0236e-05 1.6118e-06
1 1 61 1 -2.6439e-04 1.3320e-05 -2.9879e-05 1.5939e-06
1 1 62 1 -2.7302e-04 1.3751e-05 -2.9466e-05 1.5733e-06
1 1 63 1 -2.8429e-04 1.4315e-05 -2.8971e-05 1.5486e-06
1 1 64 1 -2.7734e-04 1.3967e-05 -2.9332e-05 1.5666e-06
1 1 65 1 -2.6595e-04 1.3397e-05 -2.9830e-05 1.5915e-06
1 1 66 1 -2.5721e-04 1.2960e-05 -3.0240e-05 1.6120e-06
1 1 67 1 -2.4999e-04 1.2599e-05 -3.0590e-05 1.6295e-06
1 1 68 1 -2.4437e-04 1.2319e-05 -3.0853e-05 1.6427e-06
1 1 69 1 -2.3970e-04 1.2085e-05 -3.1058e-05 1.6529e-06
1 1 70 1 -2.3609e-04 1.1904e-05 -3.1185e-05 1.6593e-06
1 1 71 1 -2.3316e-04 1.1758e-05 -3.1265e-05 1.6633e-06
1 1 72 1 -2.3116e-04 1.1658e-05 -3.1298e-05 1.6649e-06
1 1 73 1 -2.2983e-04 1.1591e-05 -3.1311e-05 1.6655e-06
1 1 74 1 -2.2948e-04 1.1574e-05 -3.1313e-05 1.6656e-06
1 1 75 1 -2.2984e-04 1.1592e-05 -3.1310e-05 1.6655e-06
1 1 76 1 -2.3118e-04 1.1659e-05 -3.1297e-05 1.6648e-06
1 1 77 1 -2.3319e-04 1.1759e-05 -3.1263e-05 1.6632e-06
1 1 78 1 -2.3613e-04 1.1906e-05 -3.1182e-05 1.6591e-06
1 1 79 1 -2.3975e-04 1.2088e-05 -3.1055e-05 1.6527e-06
1 1 80 1 -2.4444e-04 1.2322e-05 -3.0849e-05 1.6425e-06
1 1 81 1 -2.5007e-04 1.2603e-05 -3.0585e-05 1.6293e-06
1 1 82 1 -2.5731e-04 1.2966e-05 -3.0235e-05 1.6118e-06
1 1 83 1 -2.6607e-04 1.3404e-05 -2.9824e-05 1.5912e-06
1 1 84 1 -2.7749e-04 1.3975e-05 -2.9325e-05 1.5663e-06
1 1 85 1 -2.7215e-04 1.3707e-05 -2.9619e-05 1.5810e-06
1 1 86 1 -2.6064e-04 1.3132e-05 -3.0117e-05 1.6059e-06
1 1 87 1 -2.5176e-04 1.2688e-05 -3.0519e-05 1.6260e-06
1 1 88 1 -2.4437e-04 1.2319e-05 -3.0853e-05 1.6427e-06
1 1 89 1 -2.3852e-04 1.2026e-05 -3.1084e-05 1.6542e-06
1 1 90 1 -2.3353e-04 1.1776e-05 -3.1240e-05 1.6620e-06
1 1 91 1 -2.2945e-04 1.1573e-05 -3.1296e-05 1.6648e-06
1 1 92 1 -2.2599e-04 1.1399e-05 -3.1292e-05 1.6646e-06
1 1 93 1 -2.2348e-04 1.1274e-05 -3.1243e-05 1.6622e-06
1 1 94 1 -2.2177e-04 1.1188e-05 -3.1193e-05 1.6596e-06
1 1 95 1 -2.2132e-04 1.1166e-05 -3.1176e-05 1.6588e-06
1 1 96 1 -2.2178e-04 1.1189e-05 -3.1192e-05 1.6596e-06
1 1 97 1 -2.2350e-04 1.1275e-05 -3.1242e-05 1.6621e-06
1 1 98 1 -2.2602e-04 1.1401e-05 -3.1290e-05 1.6645e-06
1 1 99 1 -2.2949e-04 1.1575e-05 -3.1293e-05 1.6647e-06
1 1 100 1 -2.3358e-04 1.1779e-05 -3.1237e-05 1.6618e-06
1 1 101 1 -2.3859e-04 1.2029e-05 -3.1080e-05 1.6540e-06
1 1 102 1 -2.4446e-04 1.2323e-05 -3.0849e-05 1.6424e-06
1 1 103 1 -2.5186e-04 1.2693e-05 -3.0514e-05 1.6257e-06
1 1 104 1 -2.6076e-04 1.3138e-05 -3.0111e-05 1.6056e-06
1 1 105 1 -2.7230e-04 1.3715e-05 -2.9613e-05 1.5806e-06
1 1 106 1 -2.6792e-04 1.3496e-05 -2.9863e-05 1.5931e-06
1 1 107 1 -2.5629e-04 1.2915e-05 -3.0358e-05 1.6179e-06
1 1 108 1 -2.4728e-04 1.2464e-05 -3.0748e-05 1.6374e-06
1 1 109 1 -2.3970e-04 1.2085e-05 -3.1058e-05 1.6529e-06
1 1 110 1 -2.3353e-04 1.1776e-05 -3.1240e-05 1.6620e-06
1 1 111 1 -2.2804e-04 1.1502e-05 -3.1320e-05 1.6660e-06
1 1 112 1 -2.2318e-04 1.1259e-05 -3.1258e-05 1.6629e-06
1 1 113 1 -2.1871e-04 1.1036e-05 -3.1107e-05 1.6553e-06
1 1 114 1 -2.1521e-04 1.0861e-05 -3.0908e-05 1.6454e-06
1 1 115 1 -2.1277e-04 1.0739e-05 -3.0742e-05 1.6371e-06
1 1 116 1 -2.1211e-04 1.0705e-05 -3.0689e-05 1.6345e-06
1 1 117 1 -2.1278e-04 1.0739e-05 -3.0741e-05 1.6371e-06
1 1 118 1 -2.1523e-04 1.0862e-05 -3.0906e-05 1.6453e-06
1 1 119 1 -2.1874e-04 1.1037e-05 -3.1105e-05 1.6552e-06
1 1 120 1 -2.2322e-04 1.1261e-05 -3.1255e-05 1.6628e-06
1 1 121 1 -2.2809e-04 1.1505e-05 -3.1317e-05 1.6658e-06
1 1 122 1 -2.3359e-04 1.1780e-05 -3.1236e-05 1.6618e-06
1 1 123 1 -2.3978e-04 1.2089e-05 -3.1053e-05 1.6526e-06
1 1 124 1 -2.4738e-04 1.2469e-05 -3.0742e-05 1.6371e-06
1 1 125 1 -2.5642e-04 1.2921e-05 -3.0351e-05 1.6176e-06
1 1 126 1 -2.6808e-04 1.3504e-05 -2.9856e-05 1.5928e-06
1 1 127 1 -2.6479e-04 1.3340e-05 -3.0048e-05 1.6024e-06
1 1 128 1 -2.5307e-04 1.2753e-05 -3.0537e-05 1.6269e-06
1 1 129 1 -2.4389e-04 1.2295e-05 -3.0909e-05 1.6455e-06
1 1 130 1 -2.3609e-04 1.1904e-05 -3.1185e-05 1.6593e-06
1 1 131 1 -2.2945e-04 1.1573e-05 -3.1296e-05 1.6648e-06
1 1 132 1 -2.2318e-04 1.1259e-05 -3.1258e-05 1.6629e-06
1 1 133 1 -2.1690e-04 1.0945e-05 -3.0999e-05 1.6500e-06
1 1 134 1 -2.1051e-04 1.0626e-05 -3.0588e-05 1.6294e-06
1 1 135 1 -2.0504e-04 1.0352e-05 -3.0111e-05 1.6055e-06
1 1 136 1 -2.0119e-04 1.0159e-05 -2.9729e-05 1.5865e-06
1 1 137 1 -2.0010e-04 1.0105e-05 -2.9609e-05 1.5804e-06
1 1 138 1 -2.0120e-04 1.0160e-05 -2.9728e-05 1.5864e-06
1 1 139 1 -2.0506e-04 1.0353e-05 -3.0109e-05 1.6054e-06
1 1 140 1 -2.1054e-04 1.0627e-05 -3.0585e-05 1.6293e-06
1 1 141 1 -2.1695e-04 1.0947e-05 -3.0996e-05 1.6498e-06
1 1 142 1 -2.2323e-04 1.1262e-05 -3.1254e-05 1.6627e-06
1 1 143 1 -2.2952e-04 1.1576e-05 -3.1292e-05 1.6646e-06
1 1 144 1 -2.3617e-04 1.1909e-05 -3.1180e-05 1.6590e-06
1 1 145 1 -2.4400e-04 1.2300e-05 -3.0904e-05 1.6452e-06
1 1 146 1 -2.5320e-04 1.2760e-05 -3.0531e-05 1.6265e-06
1 1 147 1 -2.6495e-04 1.3348e-05 -3.0041e-05 1.6021e-06
1 1 148 1 -2.6236e-04 1.3218e-05 -3.0195e-05 1.6098e-06
1 1 149 1 -2.5054e-04 1.2627e-05 -3.0677e-05 1.6339e-06
1 1 150 1 -2.4122e-04 1.2161e-05 -3.1029e-05 1.6514e-06
1 1 151 1 -2.3316e-04 1.1758e-05 -3.1265e-05 1.6633e-06
1 1 152 1 -2.2599e-04 1.1399e-05 -3.1292e-05 1.6646e-06
1 1 153 1 -2.1871e-04 1.1036e-05 -3.1107e-05 1.6553e-06
1 1 154 1 -2.1051e-04 1.0626e-05 -3.0588e-05 1.6294e-06
1 1 155 1 -2.0129e-04 1.0164e-05 -2.9807e-05 1.5903e-06
1 1 156 1 -1.9287e-04 9.7434e-06 -2.8918e-05 1.5459e-06
1 1 157 1 -1.8695e-04 9.4475e-06 -2.8220e-05 1.5110e-06
1 1 158 1 -1.8524e-04 9.3618e-06 -2.7997e-05 1.4998e-06
1 1 159 1 -1.8696e-04 9.4480e-06 -2.8219e-05 1.5109e-06
1 1 160 1 -1.9289e-04 9.7445e-06 -2.8917e-05 1.5458e-06
1 1 161 1 -2.0132e-04 1.0166e-05 -2.9804e-05 1.5902e-06
1 1 162 1 -2.1055e-04 1.0628e-05 -3.0584e-05 1.6292e-06
1 1 163 1 -2.1877e-04 1.1038e-05 -3.1103e-05 1.6551e-06
1 1 164 1 -2.2606e-04 1.1403e-05 -3.1287e-05 1.6644e-06
1 1 165 1 -2.3324e-04 1.1762e-05 -3.1260e-05 1.6630e-06
1 1 166 1 -2.4132e-04 1.2166e-05 -3.1023e-05 1.6511e-06
1 1 167 1 -2.5067e-04 1.2633e-05 -3.0671e-05 1.6335e-06
1 1 168 1 -2.6252e-04 1.3226e-05 -3.0188e-05 1.6094e-06
1 1 169 1 -2.6078e-04 1.3139e-05 -3.0291e-05 1.6145e-06
1 1 170 1 -2.4889e-04 1.2544e-05 -3.0766e-05 1.6383e-06
1 1 171 1 -2.3944e-04 1.2072e-05 -3.1099e-05 1.6549e-06
1 1 172 1 -2.3116e-04 1.1658e-05 -3.1298e-05 1.6649e-06
1 1 173 1 -2.2348e-04 1.1274e-05 -3.1243e-05 1.6622e-06
1 1 174 1 -2.1521e-04 1.0861e-05 -3.0908e-05 1.6454e-06
1 1 175 1 -2.0504e-04 1.0352e-05 -3.0111e-05 1.6055e-06
1 1 176 1 -1.9287e-04 9.7434e-06 -2.8918e-05 1.5459e-06
1 1 177 1 -1.8134e-04 9.1669e-06 -2.7565e-05 1.4782e-06
1 1 178 1 -1.7324e-04 8.7620e-06 -2.6509e-05 1.4255e-06
1 1 179 1 -1.7086e-04 8.6431e-06 -2.6171e-05 1.4085e-06
1 1 180 1 -1.7325e-04 8.7625e-06 -2.6509e-05 1.4254e-06
1 1 181 1 -1.8136e-04 9.1680e-06 -2.7563e-05 1.4781e-06
1 1 182 1 -1.9290e-04 9.7450e-06 -2.8916e-05 1.5458e-06
1 1 183 1 -2.0509e-04 1.0354e-05 -3.0107e-05 1.6053e-06
1 1 184 1 -2.1527e-04 1.0864e-05 -3.0903e-05 1.6452e-06
1 1 185 1 -2.2355e-04 1.1278e-05 -3.1238e-05 1.6619e-06
1 1 186 1 -2.3124e-04 1.1662e-05 -3.1292e-05 1.6646e-06
1 1 187 1 -2.3955e-04 1.2077e-05 -3.1093e-05 1.6546e-06
1 1 188 1 -2.4902e-04 1.2551e-05 -3.0759e-05 1.6380e-06
1 1 189 1 -2.6094e-04 1.3147e-05 -3.0283e-05 1.6142e-06
1 1 190 1 -2.5976e-04 1.3088e-05 -3.0352e-05 1.6176e-06
1 1 191 1 -2.4782e-04 1.2491e-05 -3.0822e-05 1.6411e-06
1 1 192 1 -2.3828e-04 1.2014e-05 -3.1140e-05 1.6570e-06
1 1 193 1 -2.2983e-04 1.1591e-05 -3.1311e-05 1.6655e-06
1 1 194 1 -2.2177e-04 1.1188e-05 -3.1193e-05 1.6596e-06
1 1 195 1 -2.1277e-04 1.0739e-05 -3.0742e-05 1.6371e-06
1 1 196 1 -2.0119e-04 1.0159e-05 -2.9729e-05 1.5865e-06
1 1 197 1 -1.8695e-04 9.4475e-06 -2.8220e-05 1.5110e-06
1 1 198 1 -1.7324e-04 8.7620e-06 -2.6509e-05 1.4255e-06
1 1 199 1 -1.6358e-04 8.2788e-06 -2.5180e-05 1.3590e-06
1 1 200 1 -1.6072e-04 8.1360e-06 -2.4754e-05 1.3377e-06
1 1 201 1 -1.6359e-04 8.2793e-06 -2.5179e-05 1.3590e-06
1 1 202 1 -1.7326e-04 8.7631e-06 -2.6508e-05 1.4254e-06
1 1 203 1 -1.8698e-04 9.4491e-06 -2.8217e-05 1.5108e-06
1 1 204 1 -2.0123e-04 1.0162e-05 -2.9725e-05 1.5863e-06
1 1 205 1 -2.1283e-04 1.0742e-05 -3.0737e-05 1.6369e-06
1 1 206 1 -2.2184e-04 1.1192e-05 -3.1188e-05 1.6594e-06
1 1 207 1 -2.2992e-04 1.1596e-05 -3.1305e-05 1.6653e-06
1 1 208 1 -2.3839e-04 1.2019e-05 -3.1134e-05 1.6567e-06
1 1 209 1 -2.4796e-04 1.2498e-05 -3.0815e-05 1.6408e-06
1 1 210 1 -2.5992e-04 1.3096e-05 -3.0345e-05 1.6172e-06
1 1 211 1 -2.5950e-04 1.3075e-05 -3.0368e-05 1.6184e-06
1 1 212 1 -2.4755e-04 1.2478e-05 -3.0836e-05 1.6418e-06
1 1 213 1 -2.3799e-04 1.1999e-05 -3.1150e-05 1.6575e-06
1 1 214 1 -2.2948e-04 1.1574e-05 -3.1313e-05 1.6656e-06
1 1 215 1 -2.2132e-04 1.1166e-05 -3.1176e-05 1.6588e-06
1 1 216 1 -2.1211e-04 1.0705e-05 -3.0689e-05 1.6345e-06
1 1 217 1 -2.0010e-04 1.0105e-05 -2.9609e-05 1.5804e-06
1 1 218 1 -1.8524e-04 9.3618e-06 -2.7997e-05 1.4998e-06
1 1 219 1 -1.7086e-04 8.6431e-06 -2.6171e-05 1.4086e-06
1 1 220 1 -1.6072e-04 8.1360e-06 -2.4754e-05 1.3377e-06
1 1 221 1 -1.5771e-04 7.9855e-06 -2.4297e-05 1.3149e-06
1 1 222 1 -1.6073e-04 8.1365e-06 -2.4753e-05 1.3376e-06
1 1 223 1 -1.7088e-04 8.6441e-06 -2.6169e-05 1.4085e-06
1 1 224 1 -1.8527e-04 9.3634e-06 -2.7994e-05 1.4997e-06
1 1 225 1 -2.0014e-04 1.0107e-05 -2.9605e-05 1.5802e-06
1 1 226 1 -2.1216e-04 1.0708e-05 -3.0685e-05 1.6342e-06
1 1 227 1 -2.2139e-04 1.1169e-05 -3.1171e-05 1.6586e-06
1 1 228 1 -2.2957e-04 1.1579e-05 -3.1307e-05 1.6654e-06
1 1 229 1 -2.3809e-04 1.2005e-05 -3.1144e-05 1.6572e-06
1 1 230 1 -2.4768e-04 1.2484e-05 -3.0830e-05 1.6415e-06
1 1 231 1 -2.5966e-04 1.3083e-05 -3.0361e-05 1.6180e-06
1 1 232 1 -2.5977e-04 1.3088e-05 -3.0352e-05 1.6176e-06
1 1 233 1 -2.4783e-04 1.2492e-05 -3.0821e-05 1.6411e-06
1 1 234 1 -2.3829e-04 1.2014e-05 -3.1139e-05 1.6570e-06
1 1 235 1 -2.2984e-04 1.1592e-05 -3.1310e-05 1.6655e-06
1 1 236 1 -2.2178e-04 1.1189e-05 -3.1192e-05 1.6596e-06
1 1 237 1 -2.1278e-04 1.0739e-05 -3.0741e-05 1.6371e-06
1 1 238 1 -2.0120e-04 1.0160e-05 -2.9728e-05 1.5864e-06
1 1 239 1 -1.8696e-04 9.4480e-06 -2.8219e-05 1.5109e-06
1 1 240 1 -1.7325e-04 8.7625e-06 -2.6509e-05 1.4254e-06
1 1 241 1 -1.6359e-04 8.2793e-06 -2.5179e-05 1.3590e-06
1 1 242 1 -1.6073e-04 8.1365e-06 -2.4753e-05 1.3376e-06
1 1 243 1 -1.6359e-04 8.2797e-06 -2.5178e-05 1.3589e-06
1 1 244 1 -1.7327e-04 8.7635e-06 -2.6507e-05 1.4253e-06
1 1 245 1 -1.8699e-04 9.4496e-06 -2.8216e-05 1.5108e-06
1 1 246 1 -2.0124e-04 1.0162e-05 -2.9725e-05 1.5862e-06
1 1 247 1 -2.1284e-04 1.0742e-05 -3.0737e-05 1.6368e-06
1 1 248 1 -2.2185e-04 1.1192e-05 -3.1187e-05 1.6593e-06
1 1 249 1 -2.2992e-04 1.1596e-05 -3.1304e-05 1.6652e-06
1 1 250 1 -2.3840e-04 1.2020e-05 -3.1133e-05 1.6566e-06
1 1 251 1 -2.4796e-04 1.2498e-05 -3.0815e-05 1.6407e-06
1 1 252 1 -2.5993e-04 1.3097e-05 -3.0344e-05 1.6172e-06
1 1 253 1 -2.6079e-04 1.3140e-05 -3.0290e-05 1.6145e-06
1 1 254 1 -2.4891e-04 1.2545e-05 -3.0765e-05 1.6382e-06
1 1 255 1 -2.3946e-04 1.2073e-05 -3.1097e-05 1.6549e-06
1 1 256 1 -2.3118e-04 1.1659e-05 -3.1297e-05 1.6648e-06
1 1 257 1 -2.2350e-04 1.1275e-05 -3.1242e-05 1.6621e-06
1 1 258 1 -2.1523e-04 1.0862e-05 -3.0906e-05 1.6453e-06
1 1 259 1 -2.0506e-04 1.0353e-05 -3.0109e-05 1.6054e-06
1 1 260 1 -1.9289e-04 9.7444e-06 -2.8917e-05 1.5458e-06
1 1 261 1 -1.8136e-04 9.1680e-06 -2.7563e-05 1.4781e-06
1 1 262 1 -1.7326e-04 8.7630e-06 -2.6508e-05 1.4254e-06
1 1 263 1 -1.7088e-04 8.6441e-06 -2.6169e-05 1.4085e-06
1 1 264 1 -1.7327e-04 8.7635e-06 -2.6507e-05 1.4253e-06
1 1 265 1 -1.8138e-04 9.1690e-06 -2.7561e-05 1.4781e-06
1 1 266 1 -1.9292e-04 9.7460e-06 -2.8914e-05 1.5457e-06
1 1 267 1 -2.0511e-04 1.0355e-05 -3.0105e-05 1.6053e-06
1 1 268 1 -2.1529e-04 1.0865e-05 -3.0902e-05 1.6451e-06
1 1 269 1 -2.2357e-04 1.1279e-05 -3.1237e-05 1.6618e-06
1 1 270 1 -2.3126e-04 1.1663e-05 -3.1291e-05 1.6646e-06
1 1 271 1 -2.3957e-04 1.2078e-05 -3.1091e-05 1.6546e-06
1 1 272 1 -2.4904e-04 1.2552e-05 -3.0758e-05 1.6379e-06
1 1 273 1 -2.6095e-04 1.3148e-05 -3.0282e-05 1.6141e-06
1 1 274 1 -2.6238e-04 1.3219e-05 -3.0193e-05 1.6097e-06
1 1 275 1 -2.5057e-04 1.2628e-05 -3.0675e-05 1.6338e-06
1 1 276 1 -2.4124e-04 1.2162e-05 -3.1027e-05 1.6513e-06
1 1 277 1 -2.3319e-04 1.1759e-05 -3.1263e-05 1.6632e-06
1 1 278 1 -2.2602e-04 1.1401e-05 -3.1290e-05 1.6645e-06
1 1 279 1 -2.1874e-04 1.1037e-05 -3.1105e-05 1.6552e-06
1 1 280 1 -2.1054e-04 1.0627e-05 -3.0585e-05 1.6293e-06
1 1 281 1 -2.0132e-04 1.0166e-05 -2.9804e-05 1.5902e-06
1 1 282 1 -1.9290e-04 9.7450e-06 -2.8916e-05 1.5458e-06
1 1 283 1 -1.8698e-04 9.4491e-06 -2.8217e-05 1.5108e-06
1 1 284 1 -1.8527e-04 9.3634e-06 -2.7994e-05 1.4997e-06
1 1 285 1 -1.8699e-04 9.4496e-06 -2.8216e-05 1.5108e-06
1 1 286 1 -1.9292e-04 9.7460e-06 -2.8914e-05 1.5457e-06
1 1 287 1 -2.0135e-04 1.0167e-05 -2.9801e-05 1.5901e-06
1 1 288 1 -2.1058e-04 1.0629e-05 -3.0582e-05 1.6291e-06
1 1 289 1 -2.1880e-04 1.1040e-05 -3.1100e-05 1.6550e-06
1 1 290 1 -2.2609e-04 1.1404e-05 -3.1285e-05 1.6643e-06
1 1 291 1 -2.3327e-04 1.1764e-05 -3.1258e-05 1.6629e-06
1 1 292 1 -2.4135e-04 1.2167e-05 -3.1021e-05 1.6510e-06
1 1 293 1 -2.5070e-04 1.2635e-05 -3.0669e-05 1.6334e-06
1 1 294 1 -2.6254e-04 1.3227e-05 -3.0186e-05 1.6093e-06
1 1 295 1 -2.6483e-04 1.3341e-05 -3.0046e-05 1.6023e-06
1 1 296 1 -2.5310e-04 1.2755e-05 -3.0535e-05 1.6268e-06
1 1 297 1 -2.4393e-04 1.2297e-05 -3.0907e-05 1.6453e-06
1 1 298 1 -2.3613e-04 1.1906e-05 -3.1182e-05 1.6591e-06
1 1 299 1 -2.2949e-04 1.1575e-05 -3.1293e-05 1.6647e-06
1 1 300 1 -2.2322e-04 1.1261e-05 -3.1255e-05 1.6628e-06
1 1 301 1 -2.1695e-04 1.0947e-05 -3.0996e-05 1.6498e-06
1 1 302 1 -2.1055e-04 1.0628e-05 -3.0584e-05 1.6292e-06
1 1 303 1 -2.0509e-04 1.0354e-05 -3.0107e-05 1.6053e-06
1 1 304 1 -2.0123e-04 1.0162e-05 -2.9725e-05 1.5863e-06
1 1 305 1 -2.0014e-04 1.0107e-05 -2.9605e-05 1.5802e-06
1 1 306 1 -2.0124e-04 1.0162e-05 -2.9725e-05 1.5862e-06
1 1 307 1 -2.0511e-04 1.0355e-05 -3.0105e-05 1.6053e-06
1 1 308 1 -2.1058e-04 1.0629e-05 -3.0582e-05 1.6291e-06
1 1 309 1 -2.1699e-04 1.0949e-05 -3.0993e-05 1.6496e-06
1 1 310 1 -2.2327e-04 1.1264e-05 -3.1251e-05 1.6626e-06
1 1 311 1 -2.2956e-04 1.1578e-05 -3.1289e-05 1.6644e-06
1 1 312 1 -2.3621e-04 1.1911e-05 -3.1177e-05 1.6589e-06
1 1 313 1 -2.4404e-04 1.2302e-05 -3.0901e-05 1.6451e-06
1 1 314 1 -2.5323e-04 1.2762e-05 -3.0529e-05 1.6264e-06
1 1 315 1 -2.6499e-04 1.3349e-05 -3.0039e-05 1.6019e-06
1 1 316 1 -2.6797e-04 1.3498e-05 -2.9860e-05 1.5930e-06
1 1 317 1 -2.5634e-04 1.2917e-05 -3.0355e-05 1.6177e-06
1 1 318 1 -2.4732e-04 1.2466e-05 -3.0745e-05 1.6372e-06
1 1 319 1 -2.3975e-04 1.2088e-05 -3.1055e-05 1.6527e-06
1 1 320 1 -2.3358e-04 1.1779e-05 -3.1237e-05 1.6618e-06
1 1 321 1 -2.2809e-04 1.1505e-05 -3.1317e-05 1.6658e-06
1 1 322 1 -2.2323e-04 1.1262e-05 -3.1254e-05 1.6627e-06
1 1 323 1 -2.1877e-04 1.1038e-05 -3.1103e-05 1.6551e-06
1 1 324 1 -2.1527e-04 1.0864e-05 -3.0903e-05 1.6452e-06
1 1 325 1 -2.1283e-04 1.0742e-05 -3.0737e-05 1.6369e-06
1 1 326 1 -2.1216e-04 1.0708e-05 -3.0685e-05 1.6342e-06
1 1 327 1 -2.1284e-04 1.0742e-05 -3.0737e-05 1.6368e-06
1 1 328 1 -2.1529e-04 1.0865e-05 -3.0902e-05 1.6451e-06
1 1 329 1 -2.1880e-04 1.1040e-05 -3.1100e-05 1.6550e-06
1 1 330 1 -2.2327e-04 1.1264e-05 -3.1251e-05 1.6626e-06
1 1 331 1 -2.2815e-04 1.1507e-05 -3.1313e-05 1.6657e-06
1 1 332 1 -2.3365e-04 1.1782e-05 -3.1233e-05 1.6616e-06
1 1 333 1 -2.3984e-04 1.2092e-05 -3.1050e-05 1.6525e-06
1 1 334 1 -2.4743e-04 1.2471e-05 -3.0739e-05 1.6370e-06
1 1 335 1 -2.5647e-04 1.2924e-05 -3.0349e-05 1.6174e-06
1 1 336 1 -2.6812e-04 1.3506e-05 -2.9853e-05 1.5927e-06
1 1 337 1 -2.7221e-04 1.3710e-05 -2.9616e-05 1.5808e-06
1 1 338 1 -2.6070e-04 1.3135e-05 -3.0114e-05 1.6057e-06
1 1 339 1 -2.5182e-04 1.2691e-05 -3.0516e-05 1.6258e-06
1 1 340 1 -2.4444e-04 1.2322e-05 -3.0850e-05 1.6425e-06
1 1 341 1 -2.3859e-04 1.2029e-05 -3.1080e-05 1.6540e-06
1 1 342 1 -2.3359e-04 1.1780e-05 -3.1236e-05 1.6618e-06
1 1 343 1 -2.2952e-04 1.1576e-05 -3.1292e-05 1.6646e-06
1 1 344 1 -2.2606e-04 1.1403e-05 -3.1287e-05 1.6644e-06
1 1 345 1 -2.2355e-04 1.1278e-05 -3.1238e-05 1.6619e-06
1 1 346 1 -2.2184e-04 1.1192e-05 -3.1188e-05 1.6594e-06
1 1 347 1 -2.2139e-04 1.1169e-05 -3.1171e-05 1.6586e-06
1 1 348 1 -2.2185e-04 1.1192e-05 -3.1187e-05 1.6593e-06
1 1 349 1 -2.2357e-04 1.1279e-05 -3.1237e-05 1.6618e-06
1 1 350 1 -2.2609e-04 1.1404e-05 -3.1285e-05 1.6643e-06
1 1 351 1 -2.2956e-04 1.1578e-05 -3.1289e-05 1.6644e-06
1 1 352 1 -2.3365e-04 1.1782e-05 -3.1233e-05 1.6616e-06
1 1 353 1 -2.3865e-04 1.2033e-05 -3.1076e-05 1.6538e-06
1 1 354 1 -2.4452e-04 1.2326e-05 -3.0845e-05 1.6422e-06
1 1 355 1 -2.5192e-04 1.2696e-05 -3.0511e-05 1.6255e-06
1 1 356 1 -2.6082e-04 1.3141e-05 -3.0108e-05 1.6054e-06
1 1 357 1 -2.7236e-04 1.3718e-05 -2.9609e-05 1.5805e-06
1 1 358 1 -2.7741e-04 1.3971e-05 -2.9328e-05 1.5664e-06
1 1 359 1 -2.6603e-04 1.3401e-05 -2.9826e-05 1.5913e-06
1 1 360 1 -2.5729e-04 1.2964e-05 -3.0236e-05 1.6118e-06
1 1 361 1 -2.5007e-04 1.2603e-05 -3.0585e-05 1.6293e-06
1 1 362 1 -2.4446e-04 1.2323e-05 -3.0849e-05 1.6424e-06
1 1 363 1 -2.3978e-04 1.2089e-05 -3.1053e-05 1.6526e-06
1 1 364 1 -2.3617e-04 1.1909e-05 -3.1180e-05 1.6590e-06
1 1 365 1 -2.3324e-04 1.1762e-05 -3.1260e-05 1.6630e-06
1 1 366 1 -2.3124e-04 1.1662e-05 -3.1292e-05 1.6646e-06
1 1 367 1 -2.2992e-04 1.1596e-05 -3.1305e-05 1.6653e-06
1 1 368 1 -2.2957e-04 1.1579e-05 -3.1307e-05 1.6654e-06
1 1 369 1 -2.2992e-04 1.1596e-05 -3.1304e-05 1.6652e-06
1 1 370 1 -2.3126e-04 1.1663e-05 -3.1291e-05 1.6646e-06
1 1 371 1 -2.3327e-04 1.1764e-05 -3.1258e-05 1.6629e-06
1 1 372 1 -2.3621e-04 1.1911e-05 -3.1177e-05 1.6589e-06
1 1 373 1 -2.3984e-04 1.2092e-05 -3.1050e-05 1.6525e-06
1 1 374 1 -2.4452e-04 1.2326e-05 -3.0845e-05 1.6422e-06
1 1 375 1 -2.5015e-04 1.2607e-05 -3.0581e-05 1.6290e-06
1 1 376 1 -2.5739e-04 1.2969e-05 -3.0231e-05 1.6115e-06
1 1 377 1 -2.6615e-04 1.3408e-05 -2.9820e-05 1.5910e-06
1 1 378 1 -2.7757e-04 1.3978e-05 -2.9322e-05 1.5661e-06
1 1 379 1 -2.8424e-04 1.4312e-05 -2.8973e-05 1.5487e-06
1 1 380 1 -2.7299e-04 1.3750e-05 -2.9467e-05 1.5734e-06
1 1 381 1 -2.6439e-04 1.3320e-05 -2.9879e-05 1.5940e-06
1 1 382 1 -2.5731e-04 1.2965e-05 -3.0235e-05 1.6118e-06
1 1 383 1 -2.5186e-04 1.2693e-05 -3.0514e-05 1.6257e-06
1 1 384 1 -2.4738e-04 1.2469e-05 -3.0742e-05 1.6371e-06
1 1 385 1 -2.4400e-04 1.2300e-05 -3.0904e-05 1.6452e-06
1 1 386 1 -2.4132e-04 1.2166e-05 -3.1023e-05 1.6511e-06
1 1 387 1 -2.3955e-04 1.2077e-05 -3.1093e-05 1.6546e-06
1 1 388 1 -2.3839e-04 1.2019e-05 -3.1134e-05 1.6567e-06
1 1 389 1 -2.3809e-04 1.2005e-05 -3.1144e-05 1.6572e-06
1 1 390 1 -2.3840e-04 1.2020e-05 -3.1133e-05 1.6566e-06
1 1 391 1 -2.3957e-04 1.2078e-05 -3.1091e-05 1.6546e-06
1 1 392 1 -2.4135e-04 1.2167e-05 -3.1021e-05 1.6510e-06
1 1 393 1 -2.4404e-04 1.2302e-05 -3.0901e-05 1.6451e-06
1 1 394 1 -2.4743e-04 1.2471e-05 -3.0739e-05 1.6370e-06
1 1 395 1 -2.5192e-04 1.2696e-05 -3.0511e-05 1.6255e-06
1 1 396 1 -2.5739e-04 1.2969e-05 -3.0231e-05 1.6115e-06
1 1 397 1 -2.6449e-04 1.3324e-05 -2.9874e-05 1.5937e-06
1 1 398 1 -2.7311e-04 1.3756e-05 -2.9462e-05 1.5731e-06
1 1 399 1 -2.8439e-04 1.4319e-05 -2.8967e-05 1.5483e-06
1 1 400 1 -2.9255e-04 1.4728e-05 -2.8568e-05 1.5284e-06
1 1 401 1 -2.8147e-04 1.4174e-05 -2.9056e-05 1.5528e-06
1 1 402 1 -2.7302e-04 1.3751e-05 -2.9466e-05 1.5733e-06
1 1 403 1 -2.6607e-04 1.3404e-05 -2.9824e-05 1.5912e-06
1 1 404 1 -2.6076e-04 1.3138e-05 -3.0111e-05 1.6056e-06
1 1 405 1 -2.5642e-04 1.2921e-05 -3.0351e-05 1.6176e-06
1 1 406 1 -2.5319e-04 1.2760e-05 -3.0531e-05 1.6266e-06
1 1 407 1 -2.5067e-04 1.2633e-05 -3.0671e-05 1.6335e-06
1 1 408 1 -2.4902e-04 1.2551e-05 -3.0759e-05 1.6380e-06
1 1 409 1 -2.4796e-04 1.2498e-05 -3.0815e-05 1.6408e-06
1 1 410 1 -2.4768e-04 1.2484e-05 -3.0830e-05 1.6415e-06
1 1 411 1 -2.4796e-04 1.2498e-05 -3.0815e-05 1.6407e-06
1 1 412 1 -2.4904e-04 1.2552e-05 -3.0758e-05 1.6379e-06
1 1 413 1 -2.5069e-04 1.2635e-05 -3.0669e-05 1.6334e-06
1 1 414 1 -2.5323e-04 1.2762e-05 -3.0529e-05 1.6264e-06
1 1 415 1 -2.5647e-04 1.2924e-05 -3.0349e-05 1.6174e-06
1 1 416 1 -2.6082e-04 1.3141e-05 -3.0108e-05 1.6054e-06
1 1 417 1 -2.6615e-04 1.3408e-05 -2.9820e-05 1.5910e-06
1 1 418 1 -2.7311e-04 1.3756e-05 -2.9462e-05 1.5731e-06
1 1 419 1 -2.8159e-04 1.4180e-05 -2.9051e-05 1.5526e-06
1 1 420 1 -2.9270e-04 1.4735e-05 -2.8562e-05 1.5281e-06
1 1 421 1 -3.0347e-04 1.5274e-05 -2.8087e-05 1.5044e-06
1 1 422 1 -2.9259e-04 1.4729e-05 -2.8567e-05 1.5283e-06
1 1 423 1 -2.8429e-04 1.4315e-05 -2.8971e-05 1.5486e-06
1 1 424 1 -2.7749e-04 1.3975e-05 -2.9325e-05 1.5663e-06
1 1 425 1 -2.7230e-04 1.3715e-05 -2.9613e-05 1.5806e-06
1 1 426 1 -2.6808e-04 1.3504e-05 -2.9856e-05 1.5928e-06
1 1 427 1 -2.6495e-04 1.3348e-05 -3.0041e-05 1.6021e-06
1 1 428 1 -2.6252e-04 1.3226e-05 -3.0188e-05 1.6094e-06
1 1 429 1 -2.6094e-04 1.3147e-05 -3.0283e-05 1.6142e-06
1 1 430 1 -2.5992e-04 1.3096e-05 -3.0345e-05 1.6172e-06
1 1 431 1 -2.5966e-04 1.3083e-05 -3.0361e-05 1.6180e-06
1 1 432 1 -2.5993e-04 1.3097e-05 -3.0344e-05 1.6172e-06
1 1 433 1 -2.6095e-04 1.3148e-05 -3.0282e-05 1.6141e-06
1 1 434 1 -2.6254e-04 1.3227e-05 -3.0186e-05 1.6093e-06
1 1 435 1 -2.6499e-04 1.3349e-05 -3.0039e-05 1.6019e-06
1 1 436 1 -2.6812e-04 1.3506e-05 -2.9853e-05 1.5927e-06
1 1 437 1 -2.7236e-04 1.3718e-05 -2.9609e-05 1.5805e-06
1 1 438 1 -2.7757e-04 1.3978e-05 -2.9322e-05 1.5661e-06
1 1 439 1 -2.8439e-04 1.4319e-05 -2.8967e-05 1.5483e-06
1 1 440 1 -2.9270e-04 1.4735e-05 -2.8562e-05 1.5281e-06
1 1 441 1 -3.0362e-04 1.5281e-05 -2.8081e-05 1.5041e-06
1 2 1 1 -2.6752e-04 1.3476e-05 -6.5010e-05 3.3505e-06
1 2 2 1 -2.5574e-04 1.2887e-05 -6.6197e-05 3.4098e-06
1 2 3 1 -2.4666e-04 1.2433e-05 -6.7164e-05 3.4582e-06
1 2 4 1 -2.3915e-04 1.2057e-05 -6.7993e-05 3.4997e-06
1 2 5 1 -2.3337e-04 1.1768e-05 -6.8645e-05 3.5323e-06
1 2 6 1 -2.2863e-04 1.1531e-05 -6.9188e-05 3.5594e-06
1 2 7 1 -2.2510e-04 1.1355e-05 -6.9591e-05 3.5796e-06
1 2 8 1 -2.2234e-04 1.1217e-05 -6.9906e-05 3.5953e-06
1 2 9 1 -2.2055e-04 1.1127e-05 -7.0108e-05 3.6054e-06
1 2 10 1 -2.1939e-04 1.1070e-05 -7.0236e-05 3.6118e-06
1 2 11 1 -2.1910e-04 1.1055e-05 -7.0269e-05 3.6134e-06
1 2 12 1 -2.1940e-04 1.1070e-05 -7.0234e-05 3.6117e-06
1 2 13 1 -2.2057e-04 1.1128e-05 -7.0103e-05 3.6052e-06
1 2 14 1 -2.2237e-04 1.1218e-05 -6.9899e-05 3.5950e-06
1 2 15 1 -2.2514e-04 1.1357e-05 -6.9582e-05 3.5791e-06
1 2 16 1 -2.2868e-04 1.1534e-05 -6.9176e-05 3.5588e-06
1 2 17 1 -2.3343e-04 1.1772e-05 -6.8630e-05 3.5315e-06
1 2 18 1 -2.3923e-04 1.2061e-05 -6.7976e-05 3.4988e-06
1 2 19 1 -2.4676e-04 1.2438e-05 -6.7143e-05 3.4572e-06
1 2 20 1 -2.5586e-04 1.2893e-05 -6.6174e-05 3.4087e-06
1 2 21 1 -2.6767e-04 1.3484e-05 -6.4984e-05 3.3492e-06
1 2 22 1 -2.5574e-04 1.2887e-05 -6.6197e-05 3.4098e-06
1 2 23 1 -2.4375e-04 1.2287e-05 -6.7410e-05 3.4705e-06
1 2 24 1 -2.3449e-04 1.1824e-05 -6.8395e-05 3.5198e-06
1 2 25 1 -2.2683e-04 1.1441e-05 -6.9237e-05 3.5619e-06
1 2 26 1 -2.2092e-04 1.1146e-05 -6.9892e-05 3.5946e-06
1 2 27 1 -2.1607e-04 1.0904e-05 -7.0430e-05 3.6215e-06
1 2 28 1 -2.1245e-04 1.0722e-05 -7.0821e-05 3.6410e-06
1 2 29 1 -2.0961e-04 1.0581e-05 -7.1120e-05 3.6560e-06
1 2 30 1 -2.0776e-04 1.0488e-05 -7.1305e-05 3.6653e-06
1 2 31 1 -2.0656e-04 1.0428e-05 -7.1421e-05 3.6710e-06
1 2 32 1 -2.0626e-04 1.0413e-05 -7.1450e-05 3.6725e-06
1 2 33 1 -2.0657e-04 1.0429e-05 -7.1418e-05 3.6709e-06
1 2 34 1 -2.0778e-04 1.0489e-05 -7.1300e-05 3.6650e-06
1 2 35 1 -2.0964e-04 1.0582e-05 -7.1112e-05 3.6556e-06
1 2 36 1 -2.1249e-04 1.0725e-05 -7.0811e-05 3.6405e-06
1 2 37 1 -2.1612e-04 1.0906e-05 -7.0417e-05 3.6209e-06
1 2 38 1 -2.2099e-04 1.1149e-05 -6.9876e-05 3.5938e-06
1 2 39 1 -2.2691e-04 1.1446e-05 -6.9219e-05 3.5609e-06
1 2 40 1 -2.3459e-04 1.1830e-05 -6.8374e-05 3.5187e-06
1 2 41 1 -2.4387e-04 1.2294e-05 -6.7386e-05 3.4693e-06
1 2 42 1 -2.5590e-04 1.2895e-05 -6.6169e-05 3.4085e-06
1 2 43 1 -2.4666e-04 1.2433e-05 -6.7164e-05 3.4582e-06
1 2 44 1 -2.3449e-04 1.1824e-05 -6.8395e-05 3.5198e-06
1 2 45 1 -2.2508e-04 1.1354e-05 -6.9388e-05 3.5694e-06
1 2 46 1 -2.1729e-04 1.0964e-05 -7.0229e-05 3.6114e-06
1 2 47 1 -2.1125e-04 1.0663e-05 -7.0866e-05 3.6433e-06
1 2 48 1 -2.0628e-04 1.0414e-05 -7.1375e-05 3.6687e-06
1 2 49 1 -2.0253e-04 1.0227e-05 -7.1720e-05 3.6860e-06
1 2 50 1 -1.9957e-04 1.0079e-05 -7.1968e-05 3.6984e-06
1 2 51 1 -1.9762e-04 9.9812e-06 -7.2107e-05 3.7053e-06
1 2 52 1 -1.9636e-04 9.9178e-06 -7.2185e-05 3.7092e-06
1 2 53 1 -1.9603e-04 9.9016e-06 -7.2205e-05 3.7102e-06
1 2 54 1 -1.9637e-04 9.9183e-06 -7.2182e-05 3.7091e-06
1 2 55 1 -1.9764e-04 9.9822e-06 -7.2101e-05 3.7051e-06
1 2 56 1 -1.9960e-04 1.0080e-05 -7.1960e-05 3.6980e-06
1 2 57 1 -2.0257e-04 1.0229e-05 -7.1709e-05 3.6855e-06
1 2 58 1 -2.0633e-04 1.0417e-05 -7.1361e-05 3.6681e-06
1 2 59 1 -2.1132e-04 1.0666e-05 -7.0849e-05 3.6425e-06
1 2 60 1 -2.1737e-04 1.0969e-05 -7.0210e-05 3.6105e-06
1 2 61 1 -2.2519e-04 1.1359e-05 -6.9366e-05 3.5683e-06
1 2 62 1 -2.3462e-04 1.1831e-05 -6.8370e-05 3.5185e-06
1 2 63 1 -2.4682e-04 1.2441e-05 -6.7135e-05 3.4568e-06
1 2 64 1 -2.3915e-04 1.2057e-05 -6.7993e-05 3.4997e-06
1 2 65 1 -2.2683e-04 1.1441e-05 -6.9237e-05 3.5619e-06
1 2 66 1 -2.1729e-04 1.0964e-05 -7.0229e-05 3.6114e-06
1 2 67 1 -2.0936e-04 1.0568e-05 -7.1055e-05 3.6528e-06
1 2 68 1 -2.0319e-04 1.0259e-05 -7.1653e-05 3.6827e-06
1 2 69 1 -1.9806e-04 1.0003e-05 -7.2102e-05 3.7051e-06
1 2 70 1 -1.9414e-04 9.8068e-06 -7.2359e-05 3.7180e-06
1 2 71 1 -1.9099e-04 9.6495e-06 -7.2505e-05 3.7253e-06
1 2 72 1 -1.8887e-04 9.5437e-06 -7.2548e-05 3.7274e-06
1 2 73 1 -1.8748e-04 9.4741e-06 -7.2554e-05 3.7277e-06
1 2 74 1 -1.8712e-04 9.4562e-06 -7.2553e-05 3.7277e-06
1 2 75 1 -1.8749e-04 9.4746e-06 -7.2551e-05 3.7276e-06
1 2 76 1 -1.8890e-04 9.5448e-06 -7.2542e-05 3.7271e-06
1 2 77 1 -1.9102e-04 9.6511e-06 -7.2496e-05 3.7248e-06
1 2 78 1 -1.9418e-04 9.8090e-06 -7.2347e-05 3.7174e-06
1 2 79 1 -1.9812e-04 1.0006e-05 -7.2088e-05 3.7044e-06
1 2 80 1 -2.0326e-04 1.0263e-05 -7.1636e-05 3.6818e-06
1 2 81 1 -2.0945e-04 1.0572e-05 -7.1035e-05 3.6518e-06
1 2 82 1 -2.1740e-04 1.0970e-05 -7.0206e-05 3.6103e-06
1 2 83 1 -2.2696e-04 1.1448e-05 -6.9211e-05 3.5606e-06
1 2 84 1 -2.3931e-04 1.2066e-05 -6.7964e-05 3.4982e-06
1 2 85 1 -2.3337e-04 1.1768e-05 -6.8645e-05 3.5323e-06
1 2 86 1 -2.2092e-04 1.1146e-05 -6.9892e-05 3.5946e-06
1 2 87 1 -2.1125e-04 1.0663e-05 -7.0866e-05 3.6433e-06
1 2 88 1 -2.0319e-04 1.0259e-05 -7.1653e-05 3.6827e-06
1 2 89 1 -1.9683e-04 9.9413e-06 -7.2167e-05 3.7083e-06
1 2 90 1 -1.9146e-04 9.6729e-06 -7.2487e-05 3.7243e-06
1 2 91 1 -1.8720e-04 9.4599e-06 -7.2547e-05 3.7274e-06
1 2 92 1 -1.8366e-04 9.2830e-06 -7.2462e-05 3.7231e-06
1 2 93 1 -1.8117e-04 9.1587e-06 -7.2284e-05 3.7142e-06
1 2 94 1 -1.7950e-04 9.0750e-06 -7.2124e-05 3.7062e-06
1 2 95 1 -1.7906e-04 9.0532e-06 -7.2075e-05 3.7038e-06
1 2 96 1 -1.7951e-04 9.0755e-06 -7.2120e-05 3.7060e-06
1 2 97 1 -1.8119e-04 9.1597e-06 -7.2278e-05 3.7139e-06
1 2 98 1 -1.8369e-04 9.2847e-06 -7.2453e-05 3.7226e-06
1 2 99 1 -1.8724e-04 9.4621e-06 -7.2535e-05 3.7267e-06
1 2 100 1 -1.9152e-04 9.6758e-06 -7.2471e-05 3.7236e-06
1 2 101 1 -1.9690e-04 9.9449e-06 -7.2149e-05 3.7074e-06
1 2 102 1 -2.0328e-04 1.0264e-05 -7.1633e-05 3.6816e-06
1 2 103 1 -2.1136e-04 1.0668e-05 -7.0842e-05 3.6421e-06
1 2 104 1 -2.2106e-04 1.1153e-05 -6.9865e-05 3.5933e-06
1 2 105 1 -2.3353e-04 1.1777e-05 -6.8615e-05 3.5308e-06
1 2 106 1 -2.2863e-04 1.1531e-05 -6.9188e-05 3.5594e-06
1 2 107 1 -2.1607e-04 1.0904e-05 -7.0430e-05 3.6215e-06
1 2 108 1 -2.0628e-04 1.0414e-05 -7.1375e-05 3.6687e-06
1 2 109 1 -1.9806e-04 1.0003e-05 -7.2102e-05 3.7051e-06
1 2 110 1 -1.9146e-04 9.6729e-06 -7.2487e-05 3.7243e-06
1 2 111 1 -1.8573e-04 9.3864e-06 -7.2596e-05 3.7298e-06
1 2 112 1 -1.8089e-04 9.1445e-06 -7.2315e-05 3.7158e-06
1 2 113 1 -1.7662e-04 8.9309e-06 -7.1800e-05 3.6900e-06
1 2 114 1 -1.7340e-04 8.7700e-06 -7.1198e-05 3.6599e-06
1 2 115 1 -1.7119e-04 8.6596e-06 -7.0726e-05 3.6363e-06
1 2 116 1 -1.7059e-04 8.6297e-06 -7.0584e-05 3.6292e-06
1 2 117 1 -1.7120e-04 8.6602e-06 -7.0723e-05 3.6361e-06
1 2 118 1 -1.7342e-04 8.7711e-06 -7.1191e-05 3.6596e-06
1 2 119 1 -1.7665e-04 8.9326e-06 -7.1789e-05 3.6895e-06
1 2 120 1 -1.8094e-04 9.1468e-06 -7.2302e-05 3.7151e-06
1 2 121 1 -1.8579e-04 9.3894e-06 -7.2579e-05 3.7290e-06
1 2 122 1 -1.9153e-04 9.6767e-06 -7.2468e-05 3.7234e-06
1 2 123 1 -1.9815e-04 1.0008e-05 -7.2081e-05 3.7040e-06
1 2 124 1 -2.0639e-04 1.0420e-05 -7.1350e-05 3.6675e-06
1 2 125 1 -2.1621e-04 1.0910e-05 -7.0403e-05 3.6201e-06
1 2 126 1 -2.2880e-04 1.1540e-05 -6.9157e-05 3.5579e-06
1 2 127 1 -2.2510e-04 1.1355e-05 -6.9591e-05 3.5796e-06
1 2 128 1 -2.1245e-04 1.0722e-05 -7.0821e-05 3.6410e-06
1 2 129 1 -2.0253e-04 1.0227e-05 -7.1720e-05 3.6860e-06
1 2 130 1 -1.9414e-04 9.8068e-06 -7.2359e-05 3.7180e-06
1 2 131 1 -1.8720e-04 9.4599e-06 -7.2547e-05 3.7274e-06
1 2 132 1 -1.8089e-04 9.1445e-06 -7.2315e-05 3.7158e-06
1 2 133 1 -1.7501e-04 8.8505e-06 -7.1433e-05 3.6716e-06
1 2 134 1 -1.6930e-04 8.5651e-06 -7.0107e-05 3.6053e-06
1 2 135 1 -1.6462e-04 8.3309e-06 -6.8684e-05 3.5342e-06
1 2 136 1 -1.6135e-04 8.1677e-06 -6.7620e-05 3.4810e-06
1 2 137 1 -1.6044e-04 8.1222e-06 -6.7300e-05 3.4650e-06
1 2 138 1 -1.6137e-04 8.1683e-06 -6.7616e-05 3.4808e-06
1 2 139 1 -1.6464e-04 8.3320e-06 -6.8676e-05 3.5338e-06
1 2 140 1 -1.6934e-04 8.5668e-06 -7.0096e-05 3.6048e-06
1 2 141 1 -1.7506e-04 8.8529e-06 -7.1418e-05 3.6709e-06
1 2 142 1 -1.8095e-04 9.1476e-06 -7.2298e-05 3.7149e-06
1 2 143 1 -1.8727e-04 9.4637e-06 -7.2527e-05 3.7264e-06
1 2 144 1 -1.9423e-04 9.8115e-06 -7.2337e-05 3.7168e-06
1 2 145 1 -2.0265e-04 1.0232e-05 -7.1695e-05 3.6848e-06
1 2 146 1 -2.1259e-04 1.0729e-05 -7.0793e-05 3.6396e-06
1 2 147 1 -2.2527e-04 1.1363e-05 -6.9560e-05 3.5780e-06
1 2 148 1 -2.2234e-04 1.1217e-05 -6.9907e-05 3.5953e-06
1 2 149 1 -2.0961e-04 1.0581e-05 -7.1120e-05 3.6560e-06
1 2 150 1 -1.9957e-04 1.0079e-05 -7.1968e-05 3.6984e-06
1 2 151 1 -1.9099e-04 9.6495e-06 -7.2505e-05 3.7253e-06
1 2 152 1 -1.8366e-04 9.2830e-06 -7.2462e-05 3.7231e-06
1 2 153 1 -1.7662e-04 8.9309e-06 -7.1800e-05 3.6900e-06
1 2 154 1 -1.6930e-04 8.5651e-06 -7.0107e-05 3.6053e-06
1 2 155 1 -1.6147e-04 8.1736e-06 -6.7613e-05 3.4806e-06
1 2 156 1 -1.5457e-04 7.8287e-06 -6.4978e-05 3.3489e-06
1 2 157 1 -1.4977e-04 7.5883e-06 -6.3062e-05 3.2531e-06
1 2 158 1 -1.4839e-04 7.5194e-06 -6.2484e-05 3.2242e-06
1 2 159 1 -1.4978e-04 7.5888e-06 -6.3058e-05 3.2529e-06
1 2 160 1 -1.5460e-04 7.8298e-06 -6.4970e-05 3.3485e-06
1 2 161 1 -1.6151e-04 8.1754e-06 -6.7601e-05 3.4800e-06
1 2 162 1 -1.6935e-04 8.5675e-06 -7.0092e-05 3.6046e-06
1 2 163 1 -1.7668e-04 8.9340e-06 -7.1781e-05 3.6891e-06
1 2 164 1 -1.8374e-04 9.2869e-06 -7.2441e-05 3.7221e-06
1 2 165 1 -1.9109e-04 9.6543e-06 -7.2482e-05 3.7241e-06
1 2 166 1 -1.9969e-04 1.0084e-05 -7.1942e-05 3.6971e-06
1 2 167 1 -2.0975e-04 1.0588e-05 -7.1091e-05 3.6546e-06
1 2 168 1 -2.2251e-04 1.1226e-05 -6.9875e-05 3.5937e-06
1 2 169 1 -2.2055e-04 1.1127e-05 -7.0108e-05 3.6054e-06
1 2 170 1 -2.0776e-04 1.0488e-05 -7.1306e-05 3.6653e-06
1 2 171 1 -1.9762e-04 9.9812e-06 -7.2107e-05 3.7053e-06
1 2 172 1 -1.8887e-04 9.5437e-06 -7.2548e-05 3.7274e-06
1 2 173 1 -1.8117e-04 9.1586e-06 -7.2284e-05 3.7142e-06
1 2 174 1 -1.7340e-04 8.7700e-06 -7.1198e-05 3.6599e-06
1 2 175 1 -1.6462e-04 8.3309e-06 -6.8684e-05 3.5342e-06
1 2 176 1 -1.5457e-04 7.8287e-06 -6.4978e-05 3.3489e-06
1 2 177 1 -1.4533e-04 7.3667e-06 -6.1069e-05 3.1534e-06
1 2 178 1 -1.3889e-04 7.0445e-06 -5.8257e-05 3.0128e-06
1 2 179 1 -1.3702e-04 6.9508e-06 -5.7404e-05 2.9702e-06
1 2 180 1 -1.3890e-04 7.0451e-06 -5.8253e-05 3.0126e-06
1 2 181 1 -1.4536e-04 7.3679e-06 -6.1060e-05 3.1530e-06
1 2 182 1 -1.5461e-04 7.8305e-06 -6.4965e-05 3.3482e-06
1 2 183 1 -1.6467e-04 8.3334e-06 -6.8667e-05 3.5334e-06
1 2 184 1 -1.7346e-04 8.7732e-06 -7.1179e-05 3.6589e-06
1 2 185 1 -1.8125e-04 9.1626e-06 -7.2263e-05 3.7131e-06
1 2 186 1 -1.8897e-04 9.5485e-06 -7.2524e-05 3.7262e-06
1 2 187 1 -1.9774e-04 9.9870e-06 -7.2080e-05 3.7040e-06
1 2 188 1 -2.0790e-04 1.0495e-05 -7.1277e-05 3.6638e-06
1 2 189 1 -2.2072e-04 1.1136e-05 -7.0076e-05 3.6038e-06
1 2 190 1 -2.1939e-04 1.1070e-05 -7.0236e-05 3.6118e-06
1 2 191 1 -2.0656e-04 1.0428e-05 -7.1421e-05 3.6710e-06
1 2 192 1 -1.9636e-04 9.9178e-06 -7.2185e-05 3.7092e-06
1 2 193 1 -1.8748e-04 9.4741e-06 -7.2554e-05 3.7277e-06
1 2 194 1 -1.7950e-04 9.0750e-06 -7.2124e-05 3.7062e-06
1 2 195 1 -1.7119e-04 8.6596e-06 -7.0726e-05 3.6363e-06
1 2 196 1 -1.6135e-04 8.1677e-06 -6.7620e-05 3.4810e-06
1 2 197 1 -1.4976e-04 7.5882e-06 -6.3062e-05 3.2531e-06
1 2 198 1 -1.3889e-04 7.0445e-06 -5.8257e-05 3.0129e-06
1 2 199 1 -1.3127e-04 6.6636e-06 -5.4798e-05 2.8399e-06
1 2 200 1 -1.2904e-04 6.5521e-06 -5.3747e-05 2.7874e-06
1 2 201 1 -1.3128e-04 6.6642e-06 -5.4794e-05 2.8397e-06
1 2 202 1 -1.3891e-04 7.0457e-06 -5.8248e-05 3.0124e-06
1 2 203 1 -1.4980e-04 7.5901e-06 -6.3049e-05 3.2524e-06
1 2 204 1 -1.6141e-04 8.1703e-06 -6.7603e-05 3.4801e-06
1 2 205 1 -1.7126e-04 8.6629e-06 -7.0706e-05 3.6353e-06
1 2 206 1 -1.7958e-04 9.0790e-06 -7.2102e-05 3.7051e-06
1 2 207 1 -1.8758e-04 9.4790e-06 -7.2530e-05 3.7265e-06
1 2 208 1 -1.9647e-04 9.9237e-06 -7.2158e-05 3.7079e-06
1 2 209 1 -2.0670e-04 1.0435e-05 -7.1391e-05 3.6696e-06
1 2 210 1 -2.1957e-04 1.1078e-05 -7.0204e-05 3.6102e-06
1 2 211 1 -2.1910e-04 1.1055e-05 -7.0269e-05 3.6134e-06
1 2 212 1 -2.0626e-04 1.0413e-05 -7.1450e-05 3.6725e-06
1 2 213 1 -1.9603e-04 9.9016e-06 -7.2205e-05 3.7102e-06
1 2 214 1 -1.8712e-04 9.4562e-06 -7.2553e-05 3.7277e-06
1 2 215 1 -1.7906e-04 9.0532e-06 -7.2075e-05 3.7038e-06
1 2 216 1 -1.7059e-04 8.6297e-06 -7.0584e-05 3.6292e-06
1 2 217 1 -1.6044e-04 8.1222e-06 -6.7300e-05 3.4650e-06
1 2 218 1 -1.4839e-04 7.5194e-06 -6.2484e-05 3.2242e-06
1 2 219 1 -1.3702e-04 6.9508e-06 -5.7404e-05 2.9702e-06
1 2 220 1 -1.2904e-04 6.5521e-06 -5.3747e-05 2.7874e-06
1 2 221 1 -1.2669e-04 6.4346e-06 -5.2631e-05 2.7316e-06
1 2 222 1 -1.2905e-04 6.5526e-06 -5.3743e-05 2.7872e-06
1 2 223 1 -1.3704e-04 6.9520e-06 -5.7395e-05 2.9697e-06
1 2 224 1 -1.4843e-04 7.5213e-06 -6.2470e-05 3.2235e-06
1 2 225 1 -1.6050e-04 8.1248e-06 -6.7283e-05 3.4642e-06
1 2 226 1 -1.7066e-04 8.6330e-06 -7.0564e-05 3.6282e-06
1 2 227 1 -1.7914e-04 9.0572e-06 -7.2053e-05 3.7027e-06
1 2 228 1 -1.8722e-04 9.4610e-06 -7.2529e-05 3.7264e-06
1 2 229 1 -1.9615e-04 9.9075e-06 -7.2178e-05 3.7089e-06
1 2 230 1 -2.0640e-04 1.0420e-05 -7.1420e-05 3.6710e-06
1 2 231 1 -2.1927e-04 1.1064e-05 -7.0236e-05 3.6118e-06
1 2 232 1 -2.1940e-04 1.1070e-05 -7.0234e-05 3.6117e-06
1 2 233 1 -2.0657e-04 1.0429e-05 -7.1418e-05 3.6709e-06
1 2 234 1 -1.9637e-04 9.9183e-06 -7.2182e-05 3.7091e-06
1 2 235 1 -1.8749e-04 9.4746e-06 -7.2551e-05 3.7276e-06
1 2 236 1 -1.7951e-04 9.0755e-06 -7.2120e-05 3.7060e-06
1 2 237 1 -1.7120e-04 8.6602e-06 -7.0723e-05 3.6361e-06
1 2 238 1 -1.6137e-04 8.1683e-06 -6.7616e-05 3.4808e-06
1 2 239 1 -1.4978e-04 7.5888e-06 -6.3058e-05 3.2529e-06
1 2 240 1 -1.3890e-04 7.0451e-06 -5.8253e-05 3.0126e-06
1 2 241 1 -1.3128e-04 6.6642e-06 -5.4794e-05 2.8397e-06
1 2 242 1 -1.2905e-04 6.5526e-06 -5.3743e-05 2.7872e-06
1 2 243 1 -1.3130e-04 6.6648e-06 -5.4790e-05 2.8395e-06
1 2 244 1 -1.3893e-04 7.0463e-06 -5.8244e-05 3.0122e-06
1 2 245 1 -1.4981e-04 7.5907e-06 -6.3045e-05 3.2523e-06
1 2 246 1 -1.6142e-04 8.1708e-06 -6.7599e-05 3.4800e-06
1 2 247 1 -1.7127e-04 8.6634e-06 -7.0703e-05 3.6352e-06
1 2 248 1 -1.7959e-04 9.0795e-06 -7.2098e-05 3.7049e-06
1 2 249 1 -1.8759e-04 9.4795e-06 -7.2527e-05 3.7264e-06
1 2 250 1 -1.9648e-04 9.9242e-06 -7.2156e-05 3.7078e-06
1 2 251 1 -2.0671e-04 1.0436e-05 -7.1389e-05 3.6694e-06
1 2 252 1 -2.1958e-04 1.1079e-05 -7.0201e-05 3.6101e-06
1 2 253 1 -2.2057e-04 1.1128e-05 -7.0103e-05 3.6052e-06
1 2 254 1 -2.0778e-04 1.0489e-05 -7.1300e-05 3.6650e-06
1 2 255 1 -1.9764e-04 9.9822e-06 -7.2101e-05 3.7051e-06
1 2 256 1 -1.8889e-04 9.5447e-06 -7.2542e-05 3.7271e-06
1 2 257 1 -1.8119e-04 9.1597e-06 -7.2278e-05 3.7139e-06
1 2 258 1 -1.7342e-04 8.7711e-06 -7.1191e-05 3.6596e-06
1 2 259 1 -1.6464e-04 8.3320e-06 -6.8676e-05 3.5338e-06
1 2 260 1 -1.5460e-04 7.8298e-06 -6.4970e-05 3.3485e-06
1 2 261 1 -1.4536e-04 7.3679e-06 -6.1061e-05 3.1530e-06
1 2 262 1 -1.3891e-04 7.0457e-06 -5.8248e-05 3.0124e-06
1 2 263 1 -1.3704e-04 6.9520e-06 -5.7395e-05 2.9697e-06
1 2 264 1 -1.3893e-04 7.0463e-06 -5.8244e-05 3.0122e-06
1 2 265 1 -1.4538e-04 7.3690e-06 -6.1052e-05 3.1526e-06
1 2 266 1 -1.5463e-04 7.8317e-06 -6.4957e-05 3.3479e-06
1 2 267 1 -1.6469e-04 8.3345e-06 -6.8660e-05 3.5330e-06
1 2 268 1 -1.7349e-04 8.7743e-06 -7.1172e-05 3.6586e-06
1 2 269 1 -1.8127e-04 9.1637e-06 -7.2256e-05 3.7128e-06
1 2 270 1 -1.8899e-04 9.5495e-06 -7.2518e-05 3.7259e-06
1 2 271 1 -1.9776e-04 9.9880e-06 -7.2075e-05 3.7037e-06
1 2 272 1 -2.0792e-04 1.0496e-05 -7.1271e-05 3.6636e-06
1 2 273 1 -2.2074e-04 1.1137e-05 -7.0071e-05 3.6036e-06
1 2 274 1 -2.2237e-04 1.1218e-05 -6.9899e-05 3.5950e-06
1 2 275 1 -2.0964e-04 1.0582e-05 -7.1112e-05 3.6556e-06
1 2 276 1 -1.9960e-04 1.0080e-05 -7.1960e-05 3.6980e-06
1 2 277 1 -1.9102e-04 9.6511e-06 -7.2496e-05 3.7248e-06
1 2 278 1 -1.8369e-04 9.2847e-06 -7.2453e-05 3.7226e-06
1 2 279 1 -1.7665e-04 8.9326e-06 -7.1790e-05 3.6895e-06
1 2 280 1 -1.6934e-04 8.5668e-06 -7.0096e-05 3.6048e-06
1 2 281 1 -1.6151e-04 8.1754e-06 -6.7601e-05 3.4800e-06
1 2 282 1 -1.5461e-04 7.8305e-06 -6.4965e-05 3.3483e-06
1 2 283 1 -1.4980e-04 7.5901e-06 -6.3049e-05 3.2524e-06
1 2 284 1 -1.4843e-04 7.5213e-06 -6.2470e-05 3.2235e-06
1 2 285 1 -1.4981e-04 7.5907e-06 -6.3045e-05 3.2523e-06
1 2 286 1 -1.5463e-04 7.8317e-06 -6.4957e-05 3.3479e-06
1 2 287 1 -1.6154e-04 8.1772e-06 -6.7589e-05 3.4794e-06
1 2 288 1 -1.6939e-04 8.5693e-06 -7.0081e-05 3.6040e-06
1 2 289 1 -1.7671e-04 8.9357e-06 -7.1771e-05 3.6886e-06
1 2 290 1 -1.8377e-04 9.2886e-06 -7.2432e-05 3.7216e-06
1 2 291 1 -1.9112e-04 9.6559e-06 -7.2473e-05 3.7237e-06
1 2 292 1 -1.9972e-04 1.0086e-05 -7.1934e-05 3.6967e-06
1 2 293 1 -2.0978e-04 1.0589e-05 -7.1084e-05 3.6542e-06
1 2 294 1 -2.2254e-04 1.1227e-05 -6.9867e-05 3.5934e-06
1 2 295 1 -2.2514e-04 1.1357e-05 -6.9582e-05 3.5791e-06
1 2 296 1 -2.1249e-04 1.0725e-05 -7.0811e-05 3.6405e-06
1 2 297 1 -2.0257e-04 1.0229e-05 -7.1709e-05 3.6855e-06
1 2 298 1 -1.9418e-04 9.8090e-06 -7.2348e-05 3.7174e-06
1 2 299 1 -1.8724e-04 9.4621e-06 -7.2535e-05 3.7267e-06
1 2 300 1 -1.8094e-04 9.1468e-06 -7.2302e-05 3.7151e-06
1 2 301 1 -1.7506e-04 8.8528e-06 -7.1419e-05 3.6709e-06
1 2 302 1 -1.6935e-04 8.5675e-06 -7.0092e-05 3.6046e-06
1 2 303 1 -1.6467e-04 8.3334e-06 -6.8667e-05 3.5334e-06
1 2 304 1 -1.6141e-04 8.1703e-06 -6.7603e-05 3.4801e-06
1 2 305 1 -1.6050e-04 8.1248e-06 -6.7283e-05 3.4642e-06
1 2 306 1 -1.6142e-04 8.1708e-06 -6.7599e-05 3.4800e-06
1 2 307 1 -1.6469e-04 8.3345e-06 -6.8660e-05 3.5330e-06
1 2 308 1 -1.6939e-04 8.5693e-06 -7.0081e-05 3.6040e-06
1 2 309 1 -1.7510e-04 8.8552e-06 -7.1404e-05 3.6702e-06
1 2 310 1 -1.8100e-04 9.1499e-06 -7.2285e-05 3.7142e-06
1 2 311 1 -1.8732e-04 9.4660e-06 -7.2515e-05 3.7258e-06
1 2 312 1 -1.9427e-04 9.8137e-06 -7.2325e-05 3.7163e-06
1 2 313 1 -2.0269e-04 1.0234e-05 -7.1684e-05 3.6842e-06
1 2 314 1 -2.1263e-04 1.0731e-05 -7.0783e-05 3.6391e-06
1 2 315 1 -2.2531e-04 1.1365e-05 -6.9550e-05 3.5775e-06
1 2 316 1 -2.2868e-04 1.1534e-05 -6.9176e-05 3.5588e-06
1 2 317 1 -2.1612e-04 1.0906e-05 -7.0417e-05 3.6209e-06
1 2 318 1 -2.0633e-04 1.0417e-05 -7.1361e-05 3.6681e-06
1 2 319 1 -1.9812e-04 1.0006e-05 -7.2088e-05 3.7044e-06
1 2 320 1 -1.9152e-04 9.6758e-06 -7.2472e-05 3.7236e-06
1 2 321 1 -1.8579e-04 9.3894e-06 -7.2580e-05 3.7290e-06
1 2 322 1 -1.8095e-04 9.1476e-06 -7.2298e-05 3.7149e-06
1 2 323 1 -1.7668e-04 8.9340e-06 -7.1782e-05 3.6891e-06
1 2 324 1 -1.7346e-04 8.7732e-06 -7.1179e-05 3.6589e-06
1 2 325 1 -1.7126e-04 8.6628e-06 -7.0707e-05 3.6353e-06
1 2 326 1 -1.7066e-04 8.6330e-06 -7.0564e-05 3.6282e-06
1 2 327 1 -1.7127e-04 8.6634e-06 -7.0703e-05 3.6352e-06
1 2 328 1 -1.7349e-04 8.7743e-06 -7.1172e-05 3.6586e-06
1 2 329 1 -1.7671e-04 8.9357e-06 -7.1771e-05 3.6886e-06
1 2 330 1 -1.8100e-04 9.1499e-06 -7.2285e-05 3.7142e-06
1 2 331 1 -1.8585e-04 9.3924e-06 -7.2563e-05 3.7282e-06
1 2 332 1 -1.9159e-04 9.6796e-06 -7.2453e-05 3.7226e-06
1 2 333 1 -1.9821e-04 1.0010e-05 -7.2066e-05 3.7033e-06
1 2 334 1 -2.0645e-04 1.0422e-05 -7.1337e-05 3.6668e-06
1 2 335 1 -2.1626e-04 1.0913e-05 -7.0390e-05 3.6195e-06
1 2 336 1 -2.2885e-04 1.1542e-05 -6.9145e-05 3.5573e-06
1 2 337 1 -2.3343e-04 1.1772e-05 -6.8631e-05 3.5315e-06
1 2 338 1 -2.2099e-04 1.1149e-05 -6.9876e-05 3.5938e-06
1 2 339 1 -2.1132e-04 1.0666e-05 -7.0850e-05 3.6425e-06
1 2 340 1 -2.0326e-04 1.0263e-05 -7.1636e-05 3.6818e-06
1 2 341 1 -1.9690e-04 9.9449e-06 -7.2149e-05 3.7074e-06
1 2 342 1 -1.9153e-04 9.6767e-06 -7.2468e-05 3.7234e-06
1 2 343 1 -1.8727e-04 9.4637e-06 -7.2527e-05 3.7264e-06
1 2 344 1 -1.8374e-04 9.2869e-06 -7.2441e-05 3.7221e-06
1 2 345 1 -1.8125e-04 9.1626e-06 -7.2263e-05 3.7131e-06
1 2 346 1 -1.7958e-04 9.0790e-06 -7.2102e-05 3.7051e-06
1 2 347 1 -1.7914e-04 9.0571e-06 -7.2053e-05 3.7027e-06
1 2 348 1 -1.7959e-04 9.0795e-06 -7.2098e-05 3.7049e-06
1 2 349 1 -1.8127e-04 9.1637e-06 -7.2257e-05 3.7128e-06
1 2 350 1 -1.8377e-04 9.2886e-06 -7.2432e-05 3.7216e-06
1 2 351 1 -1.8732e-04 9.4660e-06 -7.2515e-05 3.7258e-06
1 2 352 1 -1.9159e-04 9.6796e-06 -7.2453e-05 3.7226e-06
1 2 353 1 -1.9697e-04 9.9486e-06 -7.2131e-05 3.7065e-06
1 2 354 1 -2.0335e-04 1.0267e-05 -7.1616e-05 3.6808e-06
1 2 355 1 -2.1143e-04 1.0672e-05 -7.0826e-05 3.6413e-06
1 2 356 1 -2.2112e-04 1.1156e-05 -6.9850e-05 3.5925e-06
1 2 357 1 -2.3360e-04 1.1780e-05 -6.8601e-05 3.5300e-06
1 2 358 1 -2.3923e-04 1.2061e-05 -6.7976e-05 3.4988e-06
1 2 359 1 -2.2691e-04 1.1446e-05 -6.9219e-05 3.5610e-06
1 2 360 1 -2.1737e-04 1.0969e-05 -7.0210e-05 3.6105e-06
1 2 361 1 -2.0945e-04 1.0572e-05 -7.1036e-05 3.6518e-06
1 2 362 1 -2.0328e-04 1.0264e-05 -7.1633e-05 3.6816e-06
1 2 363 1 -1.9815e-04 1.0008e-05 -7.2081e-05 3.7040e-06
1 2 364 1 -1.9423e-04 9.8115e-06 -7.2337e-05 3.7168e-06
1 2 365 1 -1.9109e-04 9.6543e-06 -7.2482e-05 3.7241e-06
1 2 366 1 -1.8897e-04 9.5485e-06 -7.2524e-05 3.7262e-06
1 2 367 1 -1.8758e-04 9.4790e-06 -7.2530e-05 3.7265e-06
1 2 368 1 -1.8722e-04 9.4610e-06 -7.2529e-05 3.7264e-06
1 2 369 1 -1.8759e-04 9.4795e-06 -7.2527e-05 3.7264e-06
1 2 370 1 -1.8899e-04 9.5495e-06 -7.2519e-05 3.7259e-06
1 2 371 1 -1.9112e-04 9.6559e-06 -7.2473e-05 3.7237e-06
1 2 372 1 -1.9427e-04 9.8137e-06 -7.2325e-05 3.7163e-06
1 2 373 1 -1.9821e-04 1.0010e-05 -7.2066e-05 3.7033e-06
1 2 374 1 -2.0335e-04 1.0267e-05 -7.1616e-05 3.6808e-06
1 2 375 1 -2.0954e-04 1.0577e-05 -7.1016e-05 3.6508e-06
1 2 376 1 -2.1748e-04 1.0974e-05 -7.0187e-05 3.6094e-06
1 2 377 1 -2.2705e-04 1.1452e-05 -6.9193e-05 3.5597e-06
1 2 378 1 -2.3939e-04 1.2070e-05 -6.7946e-05 3.4973e-06
1 2 379 1 -2.4676e-04 1.2438e-05 -6.7144e-05 3.4572e-06
1 2 380 1 -2.3459e-04 1.1830e-05 -6.8375e-05 3.5187e-06
1 2 381 1 -2.2519e-04 1.1359e-05 -6.9367e-05 3.5683e-06
1 2 382 1 -2.1739e-04 1.0970e-05 -7.0206e-05 3.6103e-06
1 2 383 1 -2.1136e-04 1.0668e-05 -7.0842e-05 3.6421e-06
1 2 384 1 -2.0639e-04 1.0419e-05 -7.1350e-05 3.6675e-06
1 2 385 1 -2.0265e-04 1.0232e-05 -7.1695e-05 3.6848e-06
1 2 386 1 -1.9969e-04 1.0084e-05 -7.1943e-05 3.6971e-06
1 2 387 1 -1.9774e-04 9.9870e-06 -7.2080e-05 3.7040e-06
1 2 388 1 -1.9647e-04 9.9237e-06 -7.2158e-05 3.7079e-06
1 2 389 1 -1.9615e-04 9.9075e-06 -7.2178e-05 3.7089e-06
1 2 390 1 -1.9648e-04 9.9242e-06 -7.2156e-05 3.7078e-06
1 2 391 1 -1.9776e-04 9.9880e-06 -7.2075e-05 3.7037e-06
1 2 392 1 -1.9972e-04 1.0086e-05 -7.1934e-05 3.6967e-06
1 2 393 1 -2.0269e-04 1.0234e-05 -7.1684e-05 3.6842e-06
1 2 394 1 -2.0645e-04 1.0422e-05 -7.1337e-05 3.6668e-06
1 2 395 1 -2.1143e-04 1.0672e-05 -7.0826e-05 3.6413e-06
1 2 396 1 -2.1748e-04 1.0974e-05 -7.0187e-05 3.6094e-06
1 2 397 1 -2.2530e-04 1.1365e-05 -6.9345e-05 3.5672e-06
1 2 398 1 -2.3472e-04 1.1836e-05 -6.8350e-05 3.5175e-06
1 2 399 1 -2.4692e-04 1.2446e-05 -6.7115e-05 3.4558e-06
1 2 400 1 -2.5586e-04 1.2893e-05 -6.6174e-05 3.4087e-06
1 2 401 1 -2.4387e-04 1.2294e-05 -6.7386e-05 3.4693e-06
1 2 402 1 -2.3462e-04 1.1831e-05 -6.8371e-05 3.5185e-06
1 2 403 1 -2.2696e-04 1.1448e-05 -6.9212e-05 3.5606e-06
1 2 404 1 -2.2106e-04 1.1153e-05 -6.9865e-05 3.5933e-06
1 2 405 1 -2.1621e-04 1.0910e-05 -7.0403e-05 3.6201e-06
1 2 406 1 -2.1259e-04 1.0729e-05 -7.0793e-05 3.6397e-06
1 2 407 1 -2.0975e-04 1.0588e-05 -7.1092e-05 3.6546e-06
1 2 408 1 -2.0790e-04 1.0495e-05 -7.1277e-05 3.6638e-06
1 2 409 1 -2.0670e-04 1.0435e-05 -7.1392e-05 3.6696e-06
1 2 410 1 -2.0640e-04 1.0420e-05 -7.1421e-05 3.6710e-06
1 2 411 1 -2.0671e-04 1.0436e-05 -7.1389e-05 3.6694e-06
1 2 412 1 -2.0792e-04 1.0496e-05 -7.1271e-05 3.6636e-06
1 2 413 1 -2.0978e-04 1.0589e-05 -7.1084e-05 3.6542e-06
1 2 414 1 -2.1263e-04 1.0731e-05 -7.0783e-05 3.6391e-06
1 2 415 1 -2.1626e-04 1.0913e-05 -7.0390e-05 3.6195e-06
1 2 416 1 -2.2112e-04 1.1156e-05 -6.9850e-05 3.5925e-06
1 2 417 1 -2.2705e-04 1.1452e-05 -6.9193e-05 3.5597e-06
1 2 418 1 -2.3472e-04 1.1836e-05 -6.8350e-05 3.5175e-06
1 2 419 1 -2.4400e-04 1.2300e-05 -6.7362e-05 3.4681e-06
1 2 420 1 -2.5602e-04 1.2901e-05 -6.6146e-05 3.4073e-06
1 2 421 1 -2.6767e-04 1.3484e-05 -6.4984e-05 3.3492e-06
1 2 422 1 -2.5590e-04 1.2895e-05 -6.6170e-05 3.4085e-06
1 2 423 1 -2.4682e-04 1.2441e-05 -6.7136e-05 3.4568e-06
1 2 424 1 -2.3931e-04 1.2066e-05 -6.7964e-05 3.4982e-06
1 2 425 1 -2.3353e-04 1.1777e-05 -6.8615e-05 3.5308e-06
1 2 426 1 -2.2879e-04 1.1540e-05 -6.9157e-05 3.5579e-06
1 2 427 1 -2.2527e-04 1.1363e-05 -6.9560e-05 3.5780e-06
1 2 428 1 -2.2251e-04 1.1226e-05 -6.9875e-05 3.5937e-06
1 2 429 1 -2.2072e-04 1.1136e-05 -7.0076e-05 3.6038e-06
1 2 430 1 -2.1957e-04 1.1078e-05 -7.0204e-05 3.6102e-06
1 2 431 1 -2.1927e-04 1.1064e-05 -7.0236e-05 3.6118e-06
1 2 432 1 -2.1958e-04 1.1079e-05 -7.0201e-05 3.6101e-06
1 2 433 1 -2.2074e-04 1.1137e-05 -7.0071e-05 3.6036e-06
1 2 434 1 -2.2254e-04 1.1227e-05 -6.9868e-05 3.5934e-06
1 2 435 1 -2.2531e-04 1.1365e-05 -6.9550e-05 3.5775e-06
1 2 436 1 -2.2885e-04 1.1542e-05 -6.9145e-05 3.5573e-06
1 2 437 1 -2.3360e-04 1.1780e-05 -6.8601e-05 3.5300e-06
1 2 438 1 -2.3939e-04 1.2070e-05 -6.7947e-05 3.4973e-06
1 2 439 1 -2.4692e-04 1.2446e-05 -6.7115e-05 3.4558e-06
1 2 440 1 -2.5602e-04 1.2901e-05 -6.6146e-05 3.4073e-06
1 2 441 1 -2.6783e-04 1.3491e-05 -6.4957e-05 3.3479e-06
1 3 1 1 -2.1829e-04 1.1014e-05 -9.0545e-05 4.6272e-06
1 3 2 1 -2.0489e-04 1.0345e-05 -9.1354e-05 4.6677e-06
1 3 3 1 -1.9443e-04 9.8217e-06 -9.1856e-05 4.6928e-06
1 3 4 1 -1.8571e-04 9.3857e-06 -9.2200e-05 4.7100e-06
1 3 5 1 -1.7894e-04 9.0472e-06 -9.2368e-05 4.7184e-06
1 3 6 1 -1.7337e-04 8.7684e-06 -9.2458e-05 4.7229e-06
1 3 7 1 -1.6920e-04 8.5599e-06 -9.2468e-05 4.7234e-06
1 3 8 1 -1.6593e-04 8.3966e-06 -9.2453e-05 4.7226e-06
1 3 9 1 -1.6381e-04 8.2903e-06 -9.2419e-05 4.7209e-06
1 3 10 1 -1.6244e-04 8.2220e-06 -9.2392e-05 4.7196e-06
1 3 11 1 -1.6209e-04 8.2044e-06 -9.2382e-05 4.7191e-06
1 3 12 1 -1.6245e-04 8.2227e-06 -9.2390e-05 4.7195e-06
1 3 13 1 -1.6383e-04 8.2916e-06 -9.2415e-05 4.7207e-06
1 3 14 1 -1.6597e-04 8.3987e-06 -9.2447e-05 4.7223e-06
1 3 15 1 -1.6926e-04 8.5628e-06 -9.2459e-05 4.7230e-06
1 3 16 1 -1.7344e-04 8.7720e-06 -9.2447e-05 4.7223e-06
1 3 17 1 -1.7904e-04 9.0518e-06 -9.2354e-05 4.7177e-06
1 3 18 1 -1.8583e-04 9.3913e-06 -9.2183e-05 4.7091e-06
1 3 19 1 -1.9457e-04 9.8285e-06 -9.1835e-05 4.6918e-06
1 3 20 1 -2.0506e-04 1.0353e-05 -9.1328e-05 4.6664e-06
1 3 21 1 -2.1848e-04 1.1024e-05 -9.0514e-05 4.6257e-06
1 3 22 1 -2.0489e-04 1.0345e-05 -9.1354e-05 4.6677e-06
1 3 23 1 -1.9124e-04 9.6622e-06 -9.2185e-05 4.7092e-06
1 3 24 1 -1.8058e-04 9.1290e-06 -9.2700e-05 4.7350e-06
1 3 25 1 -1.7169e-04 8.6843e-06 -9.3050e-05 4.7525e-06
1 3 26 1 -1.6478e-04 8.3388e-06 -9.3214e-05 4.7607e-06
1 3 27 1 -1.5908e-04 8.0542e-06 -9.3293e-05 4.7646e-06
1 3 28 1 -1.5483e-04 7.8413e-06 -9.3284e-05 4.7642e-06
1 3 29 1 -1.5149e-04 7.6745e-06 -9.3246e-05 4.7623e-06
1 3 30 1 -1.4932e-04 7.5658e-06 -9.3192e-05 4.7596e-06
1 3 31 1 -1.4792e-04 7.4959e-06 -9.3149e-05 4.7574e-06
1 3 32 1 -1.4756e-04 7.4779e-06 -9.3134e-05 4.7567e-06
1 3 33 1 -1.4793e-04 7.4966e-06 -9.3146e-05 4.7573e-06
1 3 34 1 -1.4934e-04 7.5672e-06 -9.3187e-05 4.7594e-06
1 3 35 1 -1.5153e-04 7.6767e-06 -9.3240e-05 4.7620e-06
1 3 36 1 -1.5489e-04 7.8443e-06 -9.3275e-05 4.7637e-06
1 3 37 1 -1.5916e-04 8.0580e-06 -9.3281e-05 4.7641e-06
1 3 38 1 -1.6487e-04 8.3436e-06 -9.3200e-05 4.7600e-06
1 3 39 1 -1.7180e-04 8.6900e-06 -9.3032e-05 4.7516e-06
1 3 40 1 -1.8072e-04 9.1360e-06 -9.2678e-05 4.7339e-06
1 3 41 1 -1.9141e-04 9.6706e-06 -9.2159e-05 4.7079e-06
1 3 42 1 -2.0509e-04 1.0355e-05 -9.1322e-05 4.6661e-06
1 3 43 1 -1.9443e-04 9.8217e-06 -9.1856e-05 4.6928e-06
1 3 44 1 -1.8058e-04 9.1290e-06 -9.2700e-05 4.7350e-06
1 3 45 1 -1.6975e-04 8.5873e-06 -9.3216e-05 4.7608e-06
1 3 46 1 -1.6071e-04 8.1353e-06 -9.3558e-05 4.7779e-06
1 3 47 1 -1.5368e-04 7.7839e-06 -9.3696e-05 4.7848e-06
1 3 48 1 -1.4788e-04 7.4942e-06 -9.3736e-05 4.7868e-06
1 3 49 1 -1.4354e-04 7.2769e-06 -9.3671e-05 4.7835e-06
1 3 50 1 -1.4013e-04 7.1063e-06 -9.3572e-05 4.7786e-06
1 3 51 1 -1.3790e-04 6.9948e-06 -9.3460e-05 4.7730e-06
1 3 52 1 -1.3646e-04 6.9229e-06 -9.3373e-05 4.7687e-06
1 3 53 1 -1.3609e-04 6.9045e-06 -9.3347e-05 4.7674e-06
1 3 54 1 -1.3647e-04 6.9237e-06 -9.3371e-05 4.7686e-06
1 3 55 1 -1.3793e-04 6.9963e-06 -9.3456e-05 4.7728e-06
1 3 56 1 -1.4017e-04 7.1086e-06 -9.3565e-05 4.7782e-06
1 3 57 1 -1.4360e-04 7.2800e-06 -9.3661e-05 4.7831e-06
1 3 58 1 -1.4796e-04 7.4981e-06 -9.3724e-05 4.7862e-06
1 3 59 1 -1.5378e-04 7.7888e-06 -9.3681e-05 4.7840e-06
1 3 60 1 -1.6082e-04 8.1412e-06 -9.3540e-05 4.7770e-06
1 3 61 1 -1.6989e-04 8.5945e-06 -9.3194e-05 4.7597e-06
1 3 62 1 -1.8075e-04 9.1376e-06 -9.2673e-05 4.7337e-06
1 3 63 1 -1.9464e-04 9.8320e-06 -9.1824e-05 4.6912e-06
1 3 64 1 -1.8571e-04 9.3857e-06 -9.2200e-05 4.7100e-06
1 3 65 1 -1.7168e-04 8.6842e-06 -9.3050e-05 4.7525e-06
1 3 66 1 -1.6071e-04 8.1353e-06 -9.3558e-05 4.7779e-06
1 3 67 1 -1.5154e-04 7.6770e-06 -9.3878e-05 4.7939e-06
1 3 68 1 -1.4440e-04 7.3202e-06 -9.3967e-05 4.7983e-06
1 3 69 1 -1.3851e-04 7.0253e-06 -9.3934e-05 4.7967e-06
1 3 70 1 -1.3406e-04 6.8032e-06 -9.3763e-05 4.7881e-06
1 3 71 1 -1.3056e-04 6.6278e-06 -9.3543e-05 4.7771e-06
1 3 72 1 -1.2825e-04 6.5123e-06 -9.3319e-05 4.7659e-06
1 3 73 1 -1.2675e-04 6.4374e-06 -9.3146e-05 4.7573e-06
1 3 74 1 -1.2636e-04 6.4182e-06 -9.3096e-05 4.7548e-06
1 3 75 1 -1.2676e-04 6.4382e-06 -9.3144e-05 4.7572e-06
1 3 76 1 -1.2828e-04 6.5138e-06 -9.3314e-05 4.7657e-06
1 3 77 1 -1.3060e-04 6.6301e-06 -9.3535e-05 4.7768e-06
1 3 78 1 -1.3413e-04 6.8064e-06 -9.3753e-05 4.7876e-06
1 3 79 1 -1.3859e-04 7.0294e-06 -9.3921e-05 4.7960e-06
1 3 80 1 -1.4450e-04 7.3252e-06 -9.3951e-05 4.7976e-06
1 3 81 1 -1.5166e-04 7.6831e-06 -9.3859e-05 4.7930e-06
1 3 82 1 -1.6085e-04 8.1427e-06 -9.3535e-05 4.7768e-06
1 3 83 1 -1.7186e-04 8.6930e-06 -9.3023e-05 4.7511e-06
1 3 84 1 -1.8593e-04 9.3963e-06 -9.2167e-05 4.7084e-06
1 3 85 1 -1.7894e-04 9.0472e-06 -9.2368e-05 4.7184e-06
1 3 86 1 -1.6478e-04 8.3388e-06 -9.3214e-05 4.7607e-06
1 3 87 1 -1.5368e-04 7.7839e-06 -9.3696e-05 4.7848e-06
1 3 88 1 -1.4440e-04 7.3202e-06 -9.3967e-05 4.7983e-06
1 3 89 1 -1.3715e-04 6.9577e-06 -9.3953e-05 4.7977e-06
1 3 90 1 -1.3113e-04 6.6567e-06 -9.3767e-05 4.7884e-06
1 3 91 1 -1.2653e-04 6.4266e-06 -9.3363e-05 4.7681e-06
1 3 92 1 -1.2284e-04 6.2422e-06 -9.2867e-05 4.7434e-06
1 3 93 1 -1.2037e-04 6.1183e-06 -9.2380e-05 4.7190e-06
1 3 94 1 -1.1874e-04 6.0370e-06 -9.2008e-05 4.7004e-06
1 3 95 1 -1.1832e-04 6.0160e-06 -9.1901e-05 4.6951e-06
1 3 96 1 -1.1876e-04 6.0378e-06 -9.2005e-05 4.7003e-06
1 3 97 1 -1.2040e-04 6.1199e-06 -9.2374e-05 4.7187e-06
1 3 98 1 -1.2289e-04 6.2447e-06 -9.2859e-05 4.7430e-06
1 3 99 1 -1.2660e-04 6.4299e-06 -9.3352e-05 4.7676e-06
1 3 100 1 -1.3122e-04 6.6609e-06 -9.3754e-05 4.7877e-06
1 3 101 1 -1.3726e-04 6.9629e-06 -9.3937e-05 4.7968e-06
1 3 102 1 -1.4453e-04 7.3264e-06 -9.3947e-05 4.7974e-06
1 3 103 1 -1.5383e-04 7.7914e-06 -9.3672e-05 4.7836e-06
1 3 104 1 -1.6496e-04 8.3478e-06 -9.3186e-05 4.7593e-06
1 3 105 1 -1.7916e-04 9.0580e-06 -9.2335e-05 4.7168e-06
1 3 106 1 -1.7337e-04 8.7684e-06 -9.2458e-05 4.7229e-06
1 3 107 1 -1.5908e-04 8.0542e-06 -9.3293e-05 4.7646e-06
1 3 108 1 -1.4788e-04 7.4942e-06 -9.3736e-05 4.7868e-06
1 3 109 1 -1.3851e-04 7.0253e-06 -9.3934e-05 4.7967e-06
1 3 110 1 -1.3113e-04 6.6567e-06 -9.3767e-05 4.7884e-06
1 3 111 1 -1.2494e-04 6.3471e-06 -9.3330e-05 4.7665e-06
1 3 112 1 -1.2008e-04 6.1039e-06 -9.2518e-05 4.7259e-06
1 3 113 1 -1.1605e-04 5.9025e-06 -9.1503e-05 4.6752e-06
1 3 114 1 -1.1323e-04 5.7615e-06 -9.0504e-05 4.6252e-06
1 3 115 1 -1.1135e-04 5.6676e-06 -8.9757e-05 4.5878e-06
1 3 116 1 -1.1086e-04 5.6429e-06 -8.9537e-05 4.5768e-06
1 3 117 1 -1.1137e-04 5.6685e-06 -8.9754e-05 4.5877e-06
1 3 118 1 -1.1326e-04 5.7632e-06 -9.0497e-05 4.6249e-06
1 3 119 1 -1.1610e-04 5.9051e-06 -9.1494e-05 4.6747e-06
1 3 120 1 -1.2015e-04 6.1073e-06 -9.2506e-05 4.7253e-06
1 3 121 1 -1.2503e-04 6.3515e-06 -9.3316e-05 4.7658e-06
1 3 122 1 -1.3124e-04 6.6620e-06 -9.3750e-05 4.7875e-06
1 3 123 1 -1.3863e-04 7.0317e-06 -9.3913e-05 4.7957e-06
1 3 124 1 -1.4804e-04 7.5018e-06 -9.3712e-05 4.7856e-06
1 3 125 1 -1.5927e-04 8.0634e-06 -9.3264e-05 4.7632e-06
1 3 126 1 -1.7359e-04 8.7793e-06 -9.2424e-05 4.7212e-06
1 3 127 1 -1.6920e-04 8.5599e-06 -9.2468e-05 4.7234e-06
1 3 128 1 -1.5483e-04 7.8413e-06 -9.3284e-05 4.7642e-06
1 3 129 1 -1.4354e-04 7.2769e-06 -9.3671e-05 4.7835e-06
1 3 130 1 -1.3406e-04 6.8032e-06 -9.3763e-05 4.7881e-06
1 3 131 1 -1.2653e-04 6.4266e-06 -9.3363e-05 4.7682e-06
1 3 132 1 -1.2008e-04 6.1039e-06 -9.2518e-05 4.7259e-06
1 3 133 1 -1.1472e-04 5.8362e-06 -9.0975e-05 4.6487e-06
1 3 134 1 -1.1001e-04 5.6004e-06 -8.8970e-05 4.5485e-06
1 3 135 1 -1.0647e-04 5.4236e-06 -8.6966e-05 4.4483e-06
1 3 136 1 -1.0408e-04 5.3039e-06 -8.5498e-05 4.3749e-06
1 3 137 1 -1.0343e-04 5.2715e-06 -8.5064e-05 4.3532e-06
1 3 138 1 -1.0409e-04 5.3047e-06 -8.5495e-05 4.3747e-06
1 3 139 1 -1.0651e-04 5.4254e-06 -8.6960e-05 4.4480e-06
1 3 140 1 -1.1006e-04 5.6031e-06 -8.8960e-05 4.5480e-06
1 3 141 1 -1.1480e-04 5.8398e-06 -9.0961e-05 4.6481e-06
1 3 142 1 -1.2017e-04 6.1084e-06 -9.2502e-05 4.7251e-06
1 3 143 1 -1.2664e-04 6.4321e-06 -9.3345e-05 4.7672e-06
1 3 144 1 -1.3419e-04 6.8097e-06 -9.3742e-05 4.7871e-06
1 3 145 1 -1.4370e-04 7.2848e-06 -9.3646e-05 4.7823e-06
1 3 146 1 -1.5501e-04 7.8506e-06 -9.3255e-05 4.7627e-06
1 3 147 1 -1.6942e-04 8.5710e-06 -9.2434e-05 4.7217e-06
1 3 148 1 -1.6593e-04 8.3966e-06 -9.2453e-05 4.7226e-06
1 3 149 1 -1.5149e-04 7.6745e-06 -9.3246e-05 4.7623e-06
1 3 150 1 -1.4013e-04 7.1063e-06 -9.3572e-05 4.7786e-06
1 3 151 1 -1.3056e-04 6.6278e-06 -9.3543e-05 4.7771e-06
1 3 152 1 -1.2284e-04 6.2422e-06 -9.2867e-05 4.7434e-06
1 3 153 1 -1.1605e-04 5.9025e-06 -9.1503e-05 4.6752e-06
1 3 154 1 -1.1001e-04 5.6004e-06 -8.8970e-05 4.5485e-06
1 3 155 1 -1.0424e-04 5.3122e-06 -8.5529e-05 4.3764e-06
1 3 156 1 -9.9595e-05 5.0797e-06 -8.2035e-05 4.2018e-06
1 3 157 1 -9.6423e-05 4.9211e-06 -7.9526e-05 4.0763e-06
1 3 158 1 -9.5542e-05 4.8771e-06 -7.8776e-05 4.0388e-06
1 3 159 1 -9.6440e-05 4.9220e-06 -7.9522e-05 4.0761e-06
1 3 160 1 -9.9631e-05 5.0816e-06 -8.2028e-05 4.2014e-06
1 3 161 1 -1.0430e-04 5.3149e-06 -8.5517e-05 4.3759e-06
1 3 162 1 -1.1008e-04 5.6042e-06 -8.8956e-05 4.5478e-06
1 3 163 1 -1.1614e-04 5.9072e-06 -9.1486e-05 4.6743e-06
1 3 164 1 -1.2296e-04 6.2478e-06 -9.2848e-05 4.7424e-06
1 3 165 1 -1.3069e-04 6.6344e-06 -9.3521e-05 4.7760e-06
1 3 166 1 -1.4029e-04 7.1143e-06 -9.3546e-05 4.7773e-06
1 3 167 1 -1.5168e-04 7.6839e-06 -9.3217e-05 4.7609e-06
1 3 168 1 -1.6616e-04 8.4078e-06 -9.2418e-05 4.7209e-06
1 3 169 1 -1.6381e-04 8.2903e-06 -9.2419e-05 4.7209e-06
1 3 170 1 -1.4931e-04 7.5657e-06 -9.3192e-05 4.7596e-06
1 3 171 1 -1.3790e-04 6.9948e-06 -9.3460e-05 4.7730e-06
1 3 172 1 -1.2824e-04 6.5122e-06 -9.3319e-05 4.7659e-06
1 3 173 1 -1.2036e-04 6.1182e-06 -9.2380e-05 4.7190e-06
1 3 174 1 -1.1323e-04 5.7615e-06 -9.0504e-05 4.6252e-06
1 3 175 1 -1.0647e-04 5.4236e-06 -8.6966e-05 4.4483e-06
1 3 176 1 -9.9595e-05 5.0797e-06 -8.2035e-05 4.2018e-06
1 3 177 1 -9.3755e-05 4.7877e-06 -7.6979e-05 3.9489e-06
1 3 178 1 -8.9750e-05 4.5875e-06 -7.3376e-05 3.7688e-06
1 3 179 1 -8.8615e-05 4.5308e-06 -7.2292e-05 3.7146e-06
1 3 180 1 -8.9768e-05 4.5884e-06 -7.3372e-05 3.7686e-06
1 3 181 1 -9.3792e-05 4.7896e-06 -7.6971e-05 3.9485e-06
1 3 182 1 -9.9652e-05 5.0826e-06 -8.2023e-05 4.2011e-06
1 3 183 1 -1.0655e-04 5.4275e-06 -8.6951e-05 4.4475e-06
1 3 184 1 -1.1333e-04 5.7663e-06 -9.0485e-05 4.6243e-06
1 3 185 1 -1.2048e-04 6.1240e-06 -9.2359e-05 4.7180e-06
1 3 186 1 -1.2838e-04 6.5190e-06 -9.3296e-05 4.7648e-06
1 3 187 1 -1.3806e-04 7.0028e-06 -9.3435e-05 4.7717e-06
1 3 188 1 -1.4950e-04 7.5752e-06 -9.3162e-05 4.7581e-06
1 3 189 1 -1.6403e-04 8.3015e-06 -9.2384e-05 4.7192e-06
1 3 190 1 -1.6244e-04 8.2220e-06 -9.2392e-05 4.7196e-06
1 3 191 1 -1.4792e-04 7.4958e-06 -9.3149e-05 4.7574e-06
1 3 192 1 -1.3646e-04 6.9229e-06 -9.3373e-05 4.7687e-06
1 3 193 1 -1.2675e-04 6.4374e-06 -9.3146e-05 4.7573e-06
1 3 194 1 -1.1874e-04 6.0370e-06 -9.2008e-05 4.7004e-06
1 3 195 1 -1.1135e-04 5.6676e-06 -8.9757e-05 4.5878e-06
1 3 196 1 -1.0408e-04 5.3039e-06 -8.5498e-05 4.3749e-06
1 3 197 1 -9.6422e-05 4.9211e-06 -7.9526e-05 4.0763e-06
1 3 198 1 -8.9750e-05 4.5875e-06 -7.3376e-05 3.7688e-06
1 3 199 1 -8.5144e-05 4.3572e-06 -6.8987e-05 3.5493e-06
1 3 200 1 -8.3828e-05 4.2914e-06 -6.7664e-05 3.4832e-06
1 3 201 1 -8.5163e-05 4.3581e-06 -6.8982e-05 3.5491e-06
1 3 202 1 -8.9788e-05 4.5894e-06 -7.3367e-05 3.7684e-06
1 3 203 1 -9.6481e-05 4.9241e-06 -7.9513e-05 4.0756e-06
1 3 204 1 -1.0416e-04 5.3078e-06 -8.5482e-05 4.3741e-06
1 3 205 1 -1.1145e-04 5.6725e-06 -8.9738e-05 4.5869e-06
1 3 206 1 -1.1886e-04 6.0428e-06 -9.1987e-05 4.6993e-06
1 3 207 1 -1.2689e-04 6.4443e-06 -9.3123e-05 4.7561e-06
1 3 208 1 -1.3662e-04 6.9310e-06 -9.3347e-05 4.7674e-06
1 3 209 1 -1.4811e-04 7.5054e-06 -9.3119e-05 4.7559e-06
1 3 210 1 -1.6267e-04 8.2333e-06 -9.2357e-05 4.7179e-06
1 3 211 1 -1.6209e-04 8.2044e-06 -9.2382e-05 4.7191e-06
1 3 212 1 -1.4756e-04 7.4779e-06 -9.3134e-05 4.7567e-06
1 3 213 1 -1.3609e-04 6.9045e-06 -9.3347e-05 4.7674e-06
1 3 214 1 -1.2636e-04 6.4182e-06 -9.3096e-05 4.7548e-06
1 3 215 1 -1.1832e-04 6.0160e-06 -9.1901e-05 4.6951e-06
1 3 216 1 -1.1086e-04 5.6429e-06 -8.9537e-05 4.5768e-06
1 3 217 1 -1.0343e-04 5.2715e-06 -8.5064e-05 4.3532e-06
1 3 218 1 -9.5541e-05 4.8771e-06 -7.8776e-05 4.0388e-06
1 3 219 1 -8.8615e-05 4.5308e-06 -7.2292e-05 3.7146e-06
1 3 220 1 -8.3828e-05 4.2914e-06 -6.7664e-05 3.4832e-06
1 3 221 1 -8.2451e-05 4.2225e-06 -6.6261e-05 3.4131e-06
1 3 222 1 -8.3846e-05 4.2923e-06 -6.7659e-05 3.4830e-06
1 3 223 1 -8.8653e-05 4.5327e-06 -7.2283e-05 3.7142e-06
1 3 224 1 -9.5601e-05 4.8800e-06 -7.8763e-05 4.0381e-06
1 3 225 1 -1.0351e-04 5.2755e-06 -8.5047e-05 4.3523e-06
1 3 226 1 -1.1096e-04 5.6478e-06 -8.9518e-05 4.5759e-06
1 3 227 1 -1.1844e-04 6.0219e-06 -9.1880e-05 4.6940e-06
1 3 228 1 -1.2650e-04 6.4251e-06 -9.3072e-05 4.7536e-06
1 3 229 1 -1.3625e-04 6.9126e-06 -9.3321e-05 4.7661e-06
1 3 230 1 -1.4775e-04 7.4874e-06 -9.3104e-05 4.7552e-06
1 3 231 1 -1.6231e-04 8.2157e-06 -9.2347e-05 4.7173e-06
1 3 232 1 -1.6245e-04 8.2226e-06 -9.2390e-05 4.7195e-06
1 3 233 1 -1.4793e-04 7.4965e-06 -9.3147e-05 4.7573e-06
1 3 234 1 -1.3647e-04 6.9237e-06 -9.3371e-05 4.7686e-06
1 3 235 1 -1.2676e-04 6.4382e-06 -9.3144e-05 4.7572e-06
1 3 236 1 -1.1876e-04 6.0378e-06 -9.2005e-05 4.7003e-06
1 3 237 1 -1.1137e-04 5.6684e-06 -8.9754e-05 4.5877e-06
1 3 238 1 -1.0409e-04 5.3047e-06 -8.5495e-05 4.3748e-06
1 3 239 1 -9.6440e-05 4.9220e-06 -7.9522e-05 4.0761e-06
1 3 240 1 -8.9768e-05 4.5884e-06 -7.3372e-05 3.7686e-06
1 3 241 1 -8.5162e-05 4.3581e-06 -6.8982e-05 3.5491e-06
1 3 242 1 -8.3846e-05 4.2923e-06 -6.7659e-05 3.4830e-06
1 3 243 1 -8.5181e-05 4.3590e-06 -6.8978e-05 3.5489e-06
1 3 244 1 -8.9806e-05 4.5903e-06 -7.3363e-05 3.7682e-06
1 3 245 1 -9.6499e-05 4.9250e-06 -7.9509e-05 4.0755e-06
1 3 246 1 -1.0417e-04 5.3087e-06 -8.5478e-05 4.3739e-06
1 3 247 1 -1.1147e-04 5.6733e-06 -8.9735e-05 4.5867e-06
1 3 248 1 -1.1887e-04 6.0436e-06 -9.1984e-05 4.6992e-06
1 3 249 1 -1.2690e-04 6.4450e-06 -9.3120e-05 4.7560e-06
1 3 250 1 -1.3664e-04 6.9318e-06 -9.3345e-05 4.7672e-06
1 3 251 1 -1.4812e-04 7.5061e-06 -9.3117e-05 4.7558e-06
1 3 252 1 -1.6268e-04 8.2340e-06 -9.2355e-05 4.7178e-06
1 3 253 1 -1.6383e-04 8.2916e-06 -9.2415e-05 4.7207e-06
1 3 254 1 -1.4934e-04 7.5672e-06 -9.3187e-05 4.7594e-06
1 3 255 1 -1.3793e-04 6.9963e-06 -9.3456e-05 4.7728e-06
1 3 256 1 -1.2828e-04 6.5138e-06 -9.3314e-05 4.7657e-06
1 3 257 1 -1.2040e-04 6.1199e-06 -9.2374e-05 4.7187e-06
1 3 258 1 -1.1326e-04 5.7632e-06 -9.0498e-05 4.6249e-06
1 3 259 1 -1.0651e-04 5.4254e-06 -8.6960e-05 4.4480e-06
1 3 260 1 -9.9631e-05 5.0815e-06 -8.2028e-05 4.2014e-06
1 3 261 1 -9.3792e-05 4.7896e-06 -7.6971e-05 3.9485e-06
1 3 262 1 -8.9787e-05 4.5894e-06 -7.3367e-05 3.7684e-06
1 3 263 1 -8.8653e-05 4.5327e-06 -7.2283e-05 3.7142e-06
1 3 264 1 -8.9806e-05 4.5903e-06 -7.3363e-05 3.7682e-06
1 3 265 1 -9.3829e-05 4.7915e-06 -7.6962e-05 3.9481e-06
1 3 266 1 -9.9688e-05 5.0844e-06 -8.2015e-05 4.2008e-06
1 3 267 1 -1.0658e-04 5.4292e-06 -8.6944e-05 4.4472e-06
1 3 268 1 -1.1336e-04 5.7680e-06 -9.0479e-05 4.6240e-06
1 3 269 1 -1.2051e-04 6.1256e-06 -9.2354e-05 4.7177e-06
1 3 270 1 -1.2841e-04 6.5206e-06 -9.3291e-05 4.7645e-06
1 3 271 1 -1.3809e-04 7.0043e-06 -9.3430e-05 4.7715e-06
1 3 272 1 -1.4953e-04 7.5766e-06 -9.3158e-05 4.7579e-06
1 3 273 1 -1.6406e-04 8.3029e-06 -9.2380e-05 4.7190e-06
1 3 274 1 -1.6597e-04 8.3987e-06 -9.2447e-05 4.7223e-06
1 3 275 1 -1.5153e-04 7.6766e-06 -9.3240e-05 4.7620e-06
1 3 276 1 -1.4017e-04 7.1086e-06 -9.3565e-05 4.7782e-06
1 3 277 1 -1.3060e-04 6.6301e-06 -9.3535e-05 4.7768e-06
1 3 278 1 -1.2289e-04 6.2446e-06 -9.2859e-05 4.7430e-06
1 3 279 1 -1.1610e-04 5.9050e-06 -9.1494e-05 4.6747e-06
1 3 280 1 -1.1006e-04 5.6031e-06 -8.8960e-05 4.5480e-06
1 3 281 1 -1.0430e-04 5.3149e-06 -8.5517e-05 4.3759e-06
1 3 282 1 -9.9652e-05 5.0826e-06 -8.2023e-05 4.2011e-06
1 3 283 1 -9.6481e-05 4.9241e-06 -7.9513e-05 4.0757e-06
1 3 284 1 -9.5601e-05 4.8800e-06 -7.8763e-05 4.0382e-06
1 3 285 1 -9.6499e-05 4.9249e-06 -7.9509e-05 4.0755e-06
1 3 286 1 -9.9688e-05 5.0844e-06 -8.2015e-05 4.2008e-06
1 3 287 1 -1.0435e-04 5.3177e-06 -8.5506e-05 4.3753e-06
1 3 288 1 -1.1014e-04 5.6068e-06 -8.8946e-05 4.5473e-06
1 3 289 1 -1.1619e-04 5.9097e-06 -9.1477e-05 4.6739e-06
1 3 290 1 -1.2301e-04 6.2503e-06 -9.2840e-05 4.7420e-06
1 3 291 1 -1.3074e-04 6.6368e-06 -9.3513e-05 4.7757e-06
1 3 292 1 -1.4033e-04 7.1165e-06 -9.3539e-05 4.7770e-06
1 3 293 1 -1.5172e-04 7.6860e-06 -9.3211e-05 4.7605e-06
1 3 294 1 -1.6620e-04 8.4099e-06 -9.2412e-05 4.7206e-06
1 3 295 1 -1.6925e-04 8.5627e-06 -9.2460e-05 4.7230e-06
1 3 296 1 -1.5489e-04 7.8443e-06 -9.3275e-05 4.7637e-06
1 3 297 1 -1.4360e-04 7.2800e-06 -9.3662e-05 4.7831e-06
1 3 298 1 -1.3413e-04 6.8063e-06 -9.3753e-05 4.7877e-06
1 3 299 1 -1.2660e-04 6.4299e-06 -9.3352e-05 4.7676e-06
1 3 300 1 -1.2015e-04 6.1073e-06 -9.2506e-05 4.7253e-06
1 3 301 1 -1.1480e-04 5.8398e-06 -9.0962e-05 4.6481e-06
1 3 302 1 -1.1008e-04 5.6042e-06 -8.8956e-05 4.5478e-06
1 3 303 1 -1.0655e-04 5.4275e-06 -8.6951e-05 4.4475e-06
1 3 304 1 -1.0416e-04 5.3078e-06 -8.5482e-05 4.3741e-06
1 3 305 1 -1.0351e-04 5.2755e-06 -8.5047e-05 4.3523e-06
1 3 306 1 -1.0417e-04 5.3087e-06 -8.5478e-05 4.3739e-06
1 3 307 1 -1.0658e-04 5.4292e-06 -8.6944e-05 4.4472e-06
1 3 308 1 -1.1014e-04 5.6068e-06 -8.8946e-05 4.5473e-06
1 3 309 1 -1.1487e-04 5.8434e-06 -9.0948e-05 4.6474e-06
1 3 310 1 -1.2024e-04 6.1118e-06 -9.2490e-05 4.7245e-06
1 3 311 1 -1.2671e-04 6.4354e-06 -9.3334e-05 4.7667e-06
1 3 312 1 -1.3426e-04 6.8129e-06 -9.3732e-05 4.7866e-06
1 3 313 1 -1.4376e-04 7.2878e-06 -9.3637e-05 4.7818e-06
1 3 314 1 -1.5507e-04 7.8536e-06 -9.3246e-05 4.7623e-06
1 3 315 1 -1.6948e-04 8.5738e-06 -9.2425e-05 4.7213e-06
1 3 316 1 -1.7344e-04 8.7720e-06 -9.2447e-05 4.7223e-06
1 3 317 1 -1.5916e-04 8.0580e-06 -9.3281e-05 4.7641e-06
1 3 318 1 -1.4796e-04 7.4981e-06 -9.3724e-05 4.7862e-06
1 3 319 1 -1.3859e-04 7.0294e-06 -9.3921e-05 4.7961e-06
1 3 320 1 -1.3122e-04 6.6608e-06 -9.3754e-05 4.7877e-06
1 3 321 1 -1.2503e-04 6.3514e-06 -9.3316e-05 4.7658e-06
1 3 322 1 -1.2017e-04 6.1084e-06 -9.2502e-05 4.7251e-06
1 3 323 1 -1.1614e-04 5.9071e-06 -9.1486e-05 4.6743e-06
1 3 324 1 -1.1333e-04 5.7663e-06 -9.0485e-05 4.6243e-06
1 3 325 1 -1.1145e-04 5.6725e-06 -8.9738e-05 4.5869e-06
1 3 326 1 -1.1096e-04 5.6478e-06 -8.9518e-05 4.5759e-06
1 3 327 1 -1.1147e-04 5.6733e-06 -8.9735e-05 4.5867e-06
1 3 328 1 -1.1336e-04 5.7680e-06 -9.0479e-05 4.6240e-06
1 3 329 1 -1.1619e-04 5.9097e-06 -9.1477e-05 4.6739e-06
1 3 330 1 -1.2024e-04 6.1118e-06 -9.2490e-05 4.7245e-06
1 3 331 1 -1.2512e-04 6.3558e-06 -9.3301e-05 4.7651e-06
1 3 332 1 -1.3132e-04 6.6662e-06 -9.3736e-05 4.7868e-06
1 3 333 1 -1.3872e-04 7.0358e-06 -9.3901e-05 4.7950e-06
1 3 334 1 -1.4812e-04 7.5058e-06 -9.3700e-05 4.7850e-06
1 3 335 1 -1.5934e-04 8.0671e-06 -9.3253e-05 4.7627e-06
1 3 336 1 -1.7366e-04 8.7830e-06 -9.2413e-05 4.7207e-06
1 3 337 1 -1.7903e-04 9.0517e-06 -9.2355e-05 4.7177e-06
1 3 338 1 -1.6487e-04 8.3435e-06 -9.3200e-05 4.7600e-06
1 3 339 1 -1.5378e-04 7.7888e-06 -9.3681e-05 4.7841e-06
1 3 340 1 -1.4450e-04 7.3252e-06 -9.3951e-05 4.7976e-06
1 3 341 1 -1.3726e-04 6.9629e-06 -9.3937e-05 4.7969e-06
1 3 342 1 -1.3124e-04 6.6620e-06 -9.3750e-05 4.7875e-06
1 3 343 1 -1.2664e-04 6.4321e-06 -9.3345e-05 4.7672e-06
1 3 344 1 -1.2296e-04 6.2478e-06 -9.2848e-05 4.7424e-06
1 3 345 1 -1.2048e-04 6.1240e-06 -9.2359e-05 4.7180e-06
1 3 346 1 -1.1886e-04 6.0428e-06 -9.1987e-05 4.6993e-06
1 3 347 1 -1.1844e-04 6.0219e-06 -9.1880e-05 4.6940e-06
1 3 348 1 -1.1887e-04 6.0436e-06 -9.1984e-05 4.6992e-06
1 3 349 1 -1.2051e-04 6.1256e-06 -9.2354e-05 4.7177e-06
1 3 350 1 -1.2301e-04 6.2503e-06 -9.2840e-05 4.7420e-06
1 3 351 1 -1.2671e-04 6.4354e-06 -9.3334e-05 4.7667e-06
1 3 352 1 -1.3132e-04 6.6662e-06 -9.3736e-05 4.7868e-06
1 3 353 1 -1.3736e-04 6.9681e-06 -9.3921e-05 4.7960e-06
1 3 354 1 -1.4463e-04 7.3314e-06 -9.3932e-05 4.7966e-06
1 3 355 1 -1.5393e-04 7.7963e-06 -9.3657e-05 4.7829e-06
1 3 356 1 -1.6505e-04 8.3525e-06 -9.3172e-05 4.7586e-06
1 3 357 1 -1.7925e-04 9.0625e-06 -9.2321e-05 4.7161e-06
1 3 358 1 -1.8582e-04 9.3912e-06 -9.2183e-05 4.7092e-06
1 3 359 1 -1.7180e-04 8.6900e-06 -9.3033e-05 4.7516e-06
1 3 360 1 -1.6082e-04 8.1412e-06 -9.3540e-05 4.7770e-06
1 3 361 1 -1.5166e-04 7.6831e-06 -9.3859e-05 4.7930e-06
1 3 362 1 -1.4453e-04 7.3264e-06 -9.3947e-05 4.7974e-06
1 3 363 1 -1.3863e-04 7.0317e-06 -9.3914e-05 4.7957e-06
1 3 364 1 -1.3419e-04 6.8097e-06 -9.3742e-05 4.7871e-06
1 3 365 1 -1.3069e-04 6.6344e-06 -9.3521e-05 4.7760e-06
1 3 366 1 -1.2838e-04 6.5190e-06 -9.3296e-05 4.7648e-06
1 3 367 1 -1.2689e-04 6.4443e-06 -9.3123e-05 4.7562e-06
1 3 368 1 -1.2650e-04 6.4251e-06 -9.3072e-05 4.7536e-06
1 3 369 1 -1.2690e-04 6.4450e-06 -9.3121e-05 4.7560e-06
1 3 370 1 -1.2841e-04 6.5206e-06 -9.3291e-05 4.7645e-06
1 3 371 1 -1.3074e-04 6.6368e-06 -9.3513e-05 4.7757e-06
1 3 372 1 -1.3426e-04 6.8129e-06 -9.3732e-05 4.7866e-06
1 3 373 1 -1.3872e-04 7.0358e-06 -9.3901e-05 4.7950e-06
1 3 374 1 -1.4463e-04 7.3314e-06 -9.3932e-05 4.7966e-06
1 3 375 1 -1.5178e-04 7.6892e-06 -9.3840e-05 4.7920e-06
1 3 376 1 -1.6097e-04 8.1486e-06 -9.3517e-05 4.7758e-06
1 3 377 1 -1.7198e-04 8.6988e-06 -9.3005e-05 4.7503e-06
1 3 378 1 -1.8604e-04 9.4018e-06 -9.2151e-05 4.7075e-06
1 3 379 1 -1.9457e-04 9.8284e-06 -9.1836e-05 4.6918e-06
1 3 380 1 -1.8072e-04 9.1359e-06 -9.2679e-05 4.7339e-06
1 3 381 1 -1.6989e-04 8.5944e-06 -9.3194e-05 4.7597e-06
1 3 382 1 -1.6085e-04 8.1426e-06 -9.3535e-05 4.7768e-06
1 3 383 1 -1.5383e-04 7.7914e-06 -9.3673e-05 4.7836e-06
1 3 384 1 -1.4804e-04 7.5018e-06 -9.3712e-05 4.7856e-06
1 3 385 1 -1.4369e-04 7.2847e-06 -9.3646e-05 4.7823e-06
1 3 386 1 -1.4028e-04 7.1142e-06 -9.3546e-05 4.7773e-06
1 3 387 1 -1.3806e-04 7.0028e-06 -9.3435e-05 4.7717e-06
1 3 388 1 -1.3662e-04 6.9310e-06 -9.3347e-05 4.7674e-06
1 3 389 1 -1.3625e-04 6.9126e-06 -9.3321e-05 4.7661e-06
1 3 390 1 -1.3664e-04 6.9318e-06 -9.3345e-05 4.7673e-06
1 3 391 1 -1.3809e-04 7.0043e-06 -9.3430e-05 4.7715e-06
1 3 392 1 -1.4033e-04 7.1165e-06 -9.3539e-05 4.7770e-06
1 3 393 1 -1.4376e-04 7.2878e-06 -9.3637e-05 4.7818e-06
1 3 394 1 -1.4812e-04 7.5058e-06 -9.3700e-05 4.7850e-06
1 3 395 1 -1.5393e-04 7.7963e-06 -9.3657e-05 4.7829e-06
1 3 396 1 -1.6097e-04 8.1486e-06 -9.3517e-05 4.7758e-06
1 3 397 1 -1.7003e-04 8.6016e-06 -9.3172e-05 4.7586e-06
1 3 398 1 -1.8089e-04 9.1445e-06 -9.2652e-05 4.7326e-06
1 3 399 1 -1.9478e-04 9.8388e-06 -9.1803e-05 4.6902e-06
1 3 400 1 -2.0505e-04 1.0353e-05 -9.1329e-05 4.6664e-06
1 3 401 1 -1.9141e-04 9.6705e-06 -9.2159e-05 4.7080e-06
1 3 402 1 -1.8075e-04 9.1375e-06 -9.2674e-05 4.7337e-06
1 3 403 1 -1.7186e-04 8.6930e-06 -9.3023e-05 4.7512e-06
1 3 404 1 -1.6496e-04 8.3478e-06 -9.3187e-05 4.7593e-06
1 3 405 1 -1.5927e-04 8.0633e-06 -9.3265e-05 4.7632e-06
1 3 406 1 -1.5501e-04 7.8506e-06 -9.3255e-05 4.7628e-06
1 3 407 1 -1.5168e-04 7.6838e-06 -9.3217e-05 4.7609e-06
1 3 408 1 -1.4950e-04 7.5752e-06 -9.3162e-05 4.7581e-06
1 3 409 1 -1.4811e-04 7.5054e-06 -9.3119e-05 4.7559e-06
1 3 410 1 -1.4775e-04 7.4874e-06 -9.3104e-05 4.7552e-06
1 3 411 1 -1.4812e-04 7.5061e-06 -9.3117e-05 4.7558e-06
1 3 412 1 -1.4953e-04 7.5766e-06 -9.3158e-05 4.7579e-06
1 3 413 1 -1.5172e-04 7.6860e-06 -9.3211e-05 4.7605e-06
1 3 414 1 -1.5507e-04 7.8535e-06 -9.3246e-05 4.7623e-06
1 3 415 1 -1.5934e-04 8.0671e-06 -9.3253e-05 4.7627e-06
1 3 416 1 -1.6505e-04 8.3525e-06 -9.3172e-05 4.7586e-06
1 3 417 1 -1.7198e-04 8.6988e-06 -9.3005e-05 4.7503e-06
1 3 418 1 -1.8089e-04 9.1445e-06 -9.2652e-05 4.7326e-06
1 3 419 1 -1.9158e-04 9.6789e-06 -9.2133e-05 4.7067e-06
1 3 420 1 -2.0526e-04 1.0363e-05 -9.1297e-05 4.6649e-06
1 3 421 1 -2.1848e-04 1.1024e-05 -9.0514e-05 4.6257e-06
1 3 422 1 -2.0509e-04 1.0355e-05 -9.1323e-05 4.6661e-06
1 3 423 1 -1.9464e-04 9.8320e-06 -9.1825e-05 4.6912e-06
1 3 424 1 -1.8592e-04 9.3962e-06 -9.2168e-05 4.7084e-06
1 3 425 1 -1.7916e-04 9.0579e-06 -9.2336e-05 4.7168e-06
1 3 426 1 -1.7359e-04 8.7793e-06 -9.2424e-05 4.7212e-06
1 3 427 1 -1.6942e-04 8.5710e-06 -9.2434e-05 4.7217e-06
1 3 428 1 -1.6616e-04 8.4078e-06 -9.2419e-05 4.7209e-06
1 3 429 1 -1.6403e-04 8.3015e-06 -9.2384e-05 4.7192e-06
1 3 430 1 -1.6267e-04 8.2333e-06 -9.2357e-05 4.7179e-06
1 3 431 1 -1.6231e-04 8.2157e-06 -9.2347e-05 4.7173e-06
1 3 432 1 -1.6268e-04 8.2339e-06 -9.2355e-05 4.7178e-06
1 3 433 1 -1.6406e-04 8.3029e-06 -9.2380e-05 4.7190e-06
1 3 434 1 -1.6620e-04 8.4099e-06 -9.2412e-05 4.7206e-06
1 3 435 1 -1.6948e-04 8.5738e-06 -9.2425e-05 4.7213e-06
1 3 436 1 -1.7366e-04 8.7830e-06 -9.2413e-05 4.7207e-06
1 3 437 1 -1.7925e-04 9.0625e-06 -9.2321e-05 4.7161e-06
1 3 438 1 -1.8604e-04 9.4018e-06 -9.2151e-05 4.7075e-06
1 3 439 1 -1.9478e-04 9.8388e-06 -9.1803e-05 4.6902e-06
1 3 440 1 -2.0526e-04 1.0363e-05 -9.1297e-05 4.6649e-06
1 3 441 1 -2.1868e-04 1.1034e-05 -9.0484e-05 4.6242e-06
