N_TRX 3


TRX_LINES
5
  -2.0000e+03 -2.0000e+03 1.0000e-01
  2.0000e+03 -2.0000e+03 1.0000e-01
  2.0000e+03 2.0000e+03 1.0000e-01
  -2.0000e+03 2.0000e+03 1.0000e-01
  -2.0000e+03 -2.0000e+03 1.0000e-01

FREQUENCY 2500
N_RECV 441

  -1.0000e+03 -1.0000e+03 0.0000e+00
  -9.0000e+02 -1.0000e+03 0.0000e+00
  -8.0000e+02 -1.0000e+03 0.0000e+00
  -7.0000e+02 -1.0000e+03 0.0000e+00
  -6.0000e+02 -1.0000e+03 0.0000e+00
  -5.0000e+02 -1.0000e+03 0.0000e+00
  -4.0000e+02 -1.0000e+03 0.0000e+00
  -3.0000e+02 -1.0000e+03 0.0000e+00
  -2.0000e+02 -1.0000e+03 0.0000e+00
  -1.0000e+02 -1.0000e+03 0.0000e+00
  0.0000e+00 -1.0000e+03 0.0000e+00
  1.0000e+02 -1.0000e+03 0.0000e+00
  2.0000e+02 -1.0000e+03 0.0000e+00
  3.0000e+02 -1.0000e+03 0.0000e+00
  4.0000e+02 -1.0000e+03 0.0000e+00
  5.0000e+02 -1.0000e+03 0.0000e+00
  6.0000e+02 -1.0000e+03 0.0000e+00
  7.0000e+02 -1.0000e+03 0.0000e+00
  8.0000e+02 -1.0000e+03 0.0000e+00
  9.0000e+02 -1.0000e+03 0.0000e+00
  1.0000e+03 -1.0000e+03 0.0000e+00
  -1.0000e+03 -9.0000e+02 0.0000e+00
  -9.0000e+02 -9.0000e+02 0.0000e+00
  -8.0000e+02 -9.0000e+02 0.0000e+00
  -7.0000e+02 -9.0000e+02 0.0000e+00
  -6.0000e+02 -9.0000e+02 0.0000e+00
  -5.0000e+02 -9.0000e+02 0.0000e+00
  -4.0000e+02 -9.0000e+02 0.0000e+00
  -3.0000e+02 -9.0000e+02 0.0000e+00
  -2.0000e+02 -9.0000e+02 0.0000e+00
  -1.0000e+02 -9.0000e+02 0.0000e+00
  0.0000e+00 -9.0000e+02 0.0000e+00
  1.0000e+02 -9.0000e+02 0.0000e+00
  2.0000e+02 -9.0000e+02 0.0000e+00
  3.0000e+02 -9.0000e+02 0.0000e+00
  4.0000e+02 -9.0000e+02 0.0000e+00
  5.0000e+02 -9.0000e+02 0.0000e+00
  6.0000e+02 -9.0000e+02 0.0000e+00
  7.0000e+02 -9.0000e+02 0.0000e+00
  8.0000e+02 -9.0000e+02 0.0000e+00
  9.0000e+02 -9.0000e+02 0.0000e+00
  1.0000e+03 -9.0000e+02 0.0000e+00
  -1.0000e+03 -8.0000e+02 0.0000e+00
  -9.0000e+02 -8.0000e+02 0.0000e+00
  -8.0000e+02 -8.0000e+02 0.0000e+00
  -7.0000e+02 -8.0000e+02 0.0000e+00
  -6.0000e+02 -8.0000e+02 0.0000e+00
  -5.0000e+02 -8.0000e+02 0.0000e+00
  -4.0000e+02 -8.0000e+02 0.0000e+00
  -3.0000e+02 -8.0000e+02 0.0000e+00
  -2.0000e+02 -8.0000e+02 0.0000e+00
  -1.0000e+02 -8.0000e+02 0.0000e+00
  0.0000e+00 -8.0000e+02 0.0000e+00
  1.0000e+02 -8.0000e+02 0.0000e+00
  2.0000e+02 -8.0000e+02 0.0000e+00
  3.0000e+02 -8.0000e+02 0.0000e+00
  4.0000e+02 -8.0000e+02 0.0000e+00
  5.0000e+02 -8.0000e+02 0.0000e+00
  6.0000e+02 -8.0000e+02 0.0000e+00
  7.0000e+02 -8.0000e+02 0.0000e+00
  8.0000e+02 -8.0000e+02 0.0000e+00
  9.0000e+02 -8.0000e+02 0.0000e+00
  1.0000e+03 -8.0000e+02 0.0000e+00
  -1.0000e+03 -7.0000e+02 0.0000e+00
  -9.0000e+02 -7.0000e+02 0.0000e+00
  -8.0000e+02 -7.0000e+02 0.0000e+00
  -7.0000e+02 -7.0000e+02 0.0000e+00
  -6.0000e+02 -7.0000e+02 0.0000e+00
  -5.0000e+02 -7.0000e+02 0.0000e+00
  -4.0000e+02 -7.0000e+02 0.0000e+00
  -3.0000e+02 -7.0000e+02 0.0000e+00
  -2.0000e+02 -7.0000e+02 0.0000e+00
  -1.0000e+02 -7.0000e+02 0.0000e+00
  0.0000e+00 -7.0000e+02 0.0000e+00
  1.0000e+02 -7.0000e+02 0.0000e+00
  2.0000e+02 -7.0000e+02 0.0000e+00
  3.0000e+02 -7.0000e+02 0.0000e+00
  4.0000e+02 -7.0000e+02 0.0000e+00
  5.0000e+02 -7.0000e+02 0.0000e+00
  6.0000e+02 -7.0000e+02 0.0000e+00
  7.0000e+02 -7.0000e+02 0.0000e+00
  8.0000e+02 -7.0000e+02 0.0000e+00
  9.0000e+02 -7.0000e+02 0.0000e+00
  1.0000e+03 -7.0000e+02 0.0000e+00
  -1.0000e+03 -6.0000e+02 0.0000e+00
  -9.0000e+02 -6.0000e+02 0.0000e+00
  -8.0000e+02 -6.0000e+02 0.0000e+00
  -7.0000e+02 -6.0000e+02 0.0000e+00
  -6.0000e+02 -6.0000e+02 0.0000e+00
  -5.0000e+02 -6.0000e+02 0.0000e+00
  -4.0000e+02 -6.0000e+02 0.0000e+00
  -3.0000e+02 -6.0000e+02 0.0000e+00
  -2.0000e+02 -6.0000e+02 0.0000e+00
  -1.0000e+02 -6.0000e+02 0.0000e+00
  0.0000e+00 -6.0000e+02 0.0000e+00
  1.0000e+02 -6.0000e+02 0.0000e+00
  2.0000e+02 -6.0000e+02 0.0000e+00
  3.0000e+02 -6.0000e+02 0.0000e+00
  4.0000e+02 -6.0000e+02 0.0000e+00
  5.0000e+02 -6.0000e+02 0.0000e+00
  6.0000e+02 -6.0000e+02 0.0000e+00
  7.0000e+02 -6.0000e+02 0.0000e+00
  8.0000e+02 -6.0000e+02 0.0000e+00
  9.0000e+02 -6.0000e+02 0.0000e+00
  1.0000e+03 -6.0000e+02 0.0000e+00
  -1.0000e+03 -5.0000e+02 0.0000e+00
  -9.0000e+02 -5.0000e+02 0.0000e+00
  -8.0000e+02 -5.0000e+02 0.0000e+00
  -7.0000e+02 -5.0000e+02 0.0000e+00
  -6.0000e+02 -5.0000e+02 0.0000e+00
  -5.0000e+02 -5.0000e+02 0.0000e+00
  -4.0000e+02 -5.0000e+02 0.0000e+00
  -3.0000e+02 -5.0000e+02 0.0000e+00
  -2.0000e+02 -5.0000e+02 0.0000e+00
  -1.0000e+02 -5.0000e+02 0.0000e+00
  0.0000e+00 -5.0000e+02 0.0000e+00
  1.0000e+02 -5.0000e+02 0.0000e+00
  2.0000e+02 -5.0000e+02 0.0000e+00
  3.0000e+02 -5.0000e+02 0.0000e+00
  4.0000e+02 -5.0000e+02 0.0000e+00
  5.0000e+02 -5.0000e+02 0.0000e+00
  6.0000e+02 -5.0000e+02 0.0000e+00
  7.0000e+02 -5.0000e+02 0.0000e+00
  8.0000e+02 -5.0000e+02 0.0000e+00
  9.0000e+02 -5.0000e+02 0.0000e+00
  1.0000e+03 -5.0000e+02 0.0000e+00
  -1.0000e+03 -4.0000e+02 0.0000e+00
  -9.0000e+02 -4.0000e+02 0.0000e+00
  -8.0000e+02 -4.0000e+02 0.0000e+00
  -7.0000e+02 -4.0000e+02 0.0000e+00
  -6.0000e+02 -4.0000e+02 0.0000e+00
  -5.0000e+02 -4.0000e+02 0.0000e+00
  -4.0000e+02 -4.0000e+02 0.0000e+00
  -3.0000e+02 -4.0000e+02 0.0000e+00
  -2.0000e+02 -4.0000e+02 0.0000e+00
  -1.0000e+02 -4.0000e+02 0.0000e+00
  0.0000e+00 -4.0000e+02 0.0000e+00
  1.0000e+02 -4.0000e+02 0.0000e+00
  2.0000e+02 -4.0000e+02 0.0000e+00
  3.0000e+02 -4.0000e+02 0.0000e+00
  4.0000e+02 -4.0000e+02 0.0000e+00
  5.0000e+02 -4.0000e+02 0.0000e+00
  6.0000e+02 -4.0000e+02 0.0000e+00
  7.0000e+02 -4.0000e+02 0.0000e+00
  8.0000e+02 -4.0000e+02 0.0000e+00
  9.0000e+02 -4.0000e+02 0.0000e+00
  1.0000e+03 -4.0000e+02 0.0000e+00
  -1.0000e+03 -3.0000e+02 0.0000e+00
  -9.0000e+02 -3.0000e+02 0.0000e+00
  -8.0000e+02 -3.0000e+02 0.0000e+00
  -7.0000e+02 -3.0000e+02 0.0000e+00
  -6.0000e+02 -3.0000e+02 0.0000e+00
  -5.0000e+02 -3.0000e+02 0.0000e+00
  -4.0000e+02 -3.0000e+02 0.0000e+00
  -3.0000e+02 -3.0000e+02 0.0000e+00
  -2.0000e+02 -3.0000e+02 0.0000e+00
  -1.0000e+02 -3.0000e+02 0.0000e+00
  0.0000e+00 -3.0000e+02 0.0000e+00
  1.0000e+02 -3.0000e+02 0.0000e+00
  2.0000e+02 -3.0000e+02 0.0000e+00
  3.0000e+02 -3.0000e+02 0.0000e+00
  4.0000e+02 -3.0000e+02 0.0000e+00
  5.0000e+02 -3.0000e+02 0.0000e+00
  6.0000e+02 -3.0000e+02 0.0000e+00
  7.0000e+02 -3.0000e+02 0.0000e+00
  8.0000e+02 -3.0000e+02 0.0000e+00
  9.0000e+02 -3.0000e+02 0.0000e+00
  1.0000e+03 -3.0000e+02 0.0000e+00
  -1.0000e+03 -2.0000e+02 0.0000e+00
  -9.0000e+02 -2.0000e+02 0.0000e+00
  -8.0000e+02 -2.0000e+02 0.0000e+00
  -7.0000e+02 -2.0000e+02 0.0000e+00
  -6.0000e+02 -2.0000e+02 0.0000e+00
  -5.0000e+02 -2.0000e+02 0.0000e+00
  -4.0000e+02 -2.0000e+02 0.0000e+00
  -3.0000e+02 -2.0000e+02 0.0000e+00
  -2.0000e+02 -2.0000e+02 0.0000e+00
  -1.0000e+02 -2.0000e+02 0.0000e+00
  0.0000e+00 -2.0000e+02 0.0000e+00
  1.0000e+02 -2.0000e+02 0.0000e+00
  2.0000e+02 -2.0000e+02 0.0000e+00
  3.0000e+02 -2.0000e+02 0.0000e+00
  4.0000e+02 -2.0000e+02 0.0000e+00
  5.0000e+02 -2.0000e+02 0.0000e+00
  6.0000e+02 -2.0000e+02 0.0000e+00
  7.0000e+02 -2.0000e+02 0.0000e+00
  8.0000e+02 -2.0000e+02 0.0000e+00
  9.0000e+02 -2.0000e+02 0.0000e+00
  1.0000e+03 -2.0000e+02 0.0000e+00
  -1.0000e+03 -1.0000e+02 0.0000e+00
  -9.0000e+02 -1.0000e+02 0.0000e+00
  -8.0000e+02 -1.0000e+02 0.0000e+00
  -7.0000e+02 -1.0000e+02 0.0000e+00
  -6.0000e+02 -1.0000e+02 0.0000e+00
  -5.0000e+02 -1.0000e+02 0.0000e+00
  -4.0000e+02 -1.0000e+02 0.0000e+00
  -3.0000e+02 -1.0000e+02 0.0000e+00
  -2.0000e+02 -1.0000e+02 0.0000e+00
  -1.0000e+02 -1.0000e+02 0.0000e+00
  0.0000e+00 -1.0000e+02 0.0000e+00
  1.0000e+02 -1.0000e+02 0.0000e+00
  2.0000e+02 -1.0000e+02 0.0000e+00
  3.0000e+02 -1.0000e+02 0.0000e+00
  4.0000e+02 -1.0000e+02 0.0000e+00
  5.0000e+02 -1.0000e+02 0.0000e+00
  6.0000e+02 -1.0000e+02 0.0000e+00
  7.0000e+02 -1.0000e+02 0.0000e+00
  8.0000e+02 -1.0000e+02 0.0000e+00
  9.0000e+02 -1.0000e+02 0.0000e+00
  1.0000e+03 -1.0000e+02 0.0000e+00
  -1.0000e+03 0.0000e+00 0.0000e+00
  -9.0000e+02 0.0000e+00 0.0000e+00
  -8.0000e+02 0.0000e+00 0.0000e+00
  -7.0000e+02 0.0000e+00 0.0000e+00
  -6.0000e+02 0.0000e+00 0.0000e+00
  -5.0000e+02 0.0000e+00 0.0000e+00
  -4.0000e+02 0.0000e+00 0.0000e+00
  -3.0000e+02 0.0000e+00 0.0000e+00
  -2.0000e+02 0.0000e+00 0.0000e+00
  -1.0000e+02 0.0000e+00 0.0000e+00
  0.0000e+00 0.0000e+00 0.0000e+00
  1.0000e+02 0.0000e+00 0.0000e+00
  2.0000e+02 0.0000e+00 0.0000e+00
  3.0000e+02 0.0000e+00 0.0000e+00
  4.0000e+02 0.0000e+00 0.0000e+00
  5.0000e+02 0.0000e+00 0.0000e+00
  6.0000e+02 0.0000e+00 0.0000e+00
  7.0000e+02 0.0000e+00 0.0000e+00
  8.0000e+02 0.0000e+00 0.0000e+00
  9.0000e+02 0.0000e+00 0.0000e+00
  1.0000e+03 0.0000e+00 0.0000e+00
  -1.0000e+03 1.0000e+02 0.0000e+00
  -9.0000e+02 1.0000e+02 0.0000e+00
  -8.0000e+02 1.0000e+02 0.0000e+00
  -7.0000e+02 1.0000e+02 0.0000e+00
  -6.0000e+02 1.0000e+02 0.0000e+00
  -5.0000e+02 1.0000e+02 0.0000e+00
  -4.0000e+02 1.0000e+02 0.0000e+00
  -3.0000e+02 1.0000e+02 0.0000e+00
  -2.0000e+02 1.0000e+02 0.0000e+00
  -1.0000e+02 1.0000e+02 0.0000e+00
  0.0000e+00 1.0000e+02 0.0000e+00
  1.0000e+02 1.0000e+02 0.0000e+00
  2.0000e+02 1.0000e+02 0.0000e+00
  3.0000e+02 1.0000e+02 0.0000e+00
  4.0000e+02 1.0000e+02 0.0000e+00
  5.0000e+02 1.0000e+02 0.0000e+00
  6.0000e+02 1.0000e+02 0.0000e+00
  7.0000e+02 1.0000e+02 0.0000e+00
  8.0000e+02 1.0000e+02 0.0000e+00
  9.0000e+02 1.0000e+02 0.0000e+00
  1.0000e+03 1.0000e+02 0.0000e+00
  -1.0000e+03 2.0000e+02 0.0000e+00
  -9.0000e+02 2.0000e+02 0.0000e+00
  -8.0000e+02 2.0000e+02 0.0000e+00
  -7.0000e+02 2.0000e+02 0.0000e+00
  -6.0000e+02 2.0000e+02 0.0000e+00
  -5.0000e+02 2.0000e+02 0.0000e+00
  -4.0000e+02 2.0000e+02 0.0000e+00
  -3.0000e+02 2.0000e+02 0.0000e+00
  -2.0000e+02 2.0000e+02 0.0000e+00
  -1.0000e+02 2.0000e+02 0.0000e+00
  0.0000e+00 2.0000e+02 0.0000e+00
  1.0000e+02 2.0000e+02 0.0000e+00
  2.0000e+02 2.0000e+02 0.0000e+00
  3.0000e+02 2.0000e+02 0.0000e+00
  4.0000e+02 2.0000e+02 0.0000e+00
  5.0000e+02 2.0000e+02 0.0000e+00
  6.0000e+02 2.0000e+02 0.0000e+00
  7.0000e+02 2.0000e+02 0.0000e+00
  8.0000e+02 2.0000e+02 0.0000e+00
  9.0000e+02 2.0000e+02 0.0000e+00
  1.0000e+03 2.0000e+02 0.0000e+00
  -1.0000e+03 3.0000e+02 0.0000e+00
  -9.0000e+02 3.0000e+02 0.0000e+00
  -8.0000e+02 3.0000e+02 0.0000e+00
  -7.0000e+02 3.0000e+02 0.0000e+00
  -6.0000e+02 3.0000e+02 0.0000e+00
  -5.0000e+02 3.0000e+02 0.0000e+00
  -4.0000e+02 3.0000e+02 0.0000e+00
  -3.0000e+02 3.0000e+02 0.0000e+00
  -2.0000e+02 3.0000e+02 0.0000e+00
  -1.0000e+02 3.0000e+02 0.0000e+00
  0.0000e+00 3.0000e+02 0.0000e+00
  1.0000e+02 3.0000e+02 0.0000e+00
  2.0000e+02 3.0000e+02 0.0000e+00
  3.0000e+02 3.0000e+02 0.0000e+00
  4.0000e+02 3.0000e+02 0.0000e+00
  5.0000e+02 3.0000e+02 0.0000e+00
  6.0000e+02 3.0000e+02 0.0000e+00
  7.0000e+02 3.0000e+02 0.0000e+00
  8.0000e+02 3.0000e+02 0.0000e+00
  9.0000e+02 3.0000e+02 0.0000e+00
  1.0000e+03 3.0000e+02 0.0000e+00
  -1.0000e+03 4.0000e+02 0.0000e+00
  -9.0000e+02 4.0000e+02 0.0000e+00
  -8.0000e+02 4.0000e+02 0.0000e+00
  -7.0000e+02 4.0000e+02 0.0000e+00
  -6.0000e+02 4.0000e+02 0.0000e+00
  -5.0000e+02 4.0000e+02 0.0000e+00
  -4.0000e+02 4.0000e+02 0.0000e+00
  -3.0000e+02 4.0000e+02 0.0000e+00
  -2.0000e+02 4.0000e+02 0.0000e+00
  -1.0000e+02 4.0000e+02 0.0000e+00
  0.0000e+00 4.0000e+02 0.0000e+00
  1.0000e+02 4.0000e+02 0.0000e+00
  2.0000e+02 4.0000e+02 0.0000e+00
  3.0000e+02 4.0000e+02 0.0000e+00
  4.0000e+02 4.0000e+02 0.0000e+00
  5.0000e+02 4.0000e+02 0.0000e+00
  6.0000e+02 4.0000e+02 0.0000e+00
  7.0000e+02 4.0000e+02 0.0000e+00
  8.0000e+02 4.0000e+02 0.0000e+00
  9.0000e+02 4.0000e+02 0.0000e+00
  1.0000e+03 4.0000e+02 0.0000e+00
  -1.0000e+03 5.0000e+02 0.0000e+00
  -9.0000e+02 5.0000e+02 0.0000e+00
  -8.0000e+02 5.0000e+02 0.0000e+00
  -7.0000e+02 5.0000e+02 0.0000e+00
  -6.0000e+02 5.0000e+02 0.0000e+00
  -5.0000e+02 5.0000e+02 0.0000e+00
  -4.0000e+02 5.0000e+02 0.0000e+00
  -3.0000e+02 5.0000e+02 0.0000e+00
  -2.0000e+02 5.0000e+02 0.0000e+00
  -1.0000e+02 5.0000e+02 0.0000e+00
  0.0000e+00 5.0000e+02 0.0000e+00
  1.0000e+02 5.0000e+02 0.0000e+00
  2.0000e+02 5.0000e+02 0.0000e+00
  3.0000e+02 5.0000e+02 0.0000e+00
  4.0000e+02 5.0000e+02 0.0000e+00
  5.0000e+02 5.0000e+02 0.0000e+00
  6.0000e+02 5.0000e+02 0.0000e+00
  7.0000e+02 5.0000e+02 0.0000e+00
  8.0000e+02 5.0000e+02 0.0000e+00
  9.0000e+02 5.0000e+02 0.0000e+00
  1.0000e+03 5.0000e+02 0.0000e+00
  -1.0000e+03 6.0000e+02 0.0000e+00
  -9.0000e+02 6.0000e+02 0.0000e+00
  -8.0000e+02 6.0000e+02 0.0000e+00
  -7.0000e+02 6.0000e+02 0.0000e+00
  -6.0000e+02 6.0000e+02 0.0000e+00
  -5.0000e+02 6.0000e+02 0.0000e+00
  -4.0000e+02 6.0000e+02 0.0000e+00
  -3.0000e+02 6.0000e+02 0.0000e+00
  -2.0000e+02 6.0000e+02 0.0000e+00
  -1.0000e+02 6.0000e+02 0.0000e+00
  0.0000e+00 6.0000e+02 0.0000e+00
  1.0000e+02 6.0000e+02 0.0000e+00
  2.0000e+02 6.0000e+02 0.0000e+00
  3.0000e+02 6.0000e+02 0.0000e+00
  4.0000e+02 6.0000e+02 0.0000e+00
  5.0000e+02 6.0000e+02 0.0000e+00
  6.0000e+02 6.0000e+02 0.0000e+00
  7.0000e+02 6.0000e+02 0.0000e+00
  8.0000e+02 6.0000e+02 0.0000e+00
  9.0000e+02 6.0000e+02 0.0000e+00
  1.0000e+03 6.0000e+02 0.0000e+00
  -1.0000e+03 7.0000e+02 0.0000e+00
  -9.0000e+02 7.0000e+02 0.0000e+00
  -8.0000e+02 7.0000e+02 0.0000e+00
  -7.0000e+02 7.0000e+02 0.0000e+00
  -6.0000e+02 7.0000e+02 0.0000e+00
  -5.0000e+02 7.0000e+02 0.0000e+00
  -4.0000e+02 7.0000e+02 0.0000e+00
  -3.0000e+02 7.0000e+02 0.0000e+00
  -2.0000e+02 7.0000e+02 0.0000e+00
  -1.0000e+02 7.0000e+02 0.0000e+00
  0.0000e+00 7.0000e+02 0.0000e+00
  1.0000e+02 7.0000e+02 0.0000e+00
  2.0000e+02 7.0000e+02 0.0000e+00
  3.0000e+02 7.0000e+02 0.0000e+00
  4.0000e+02 7.0000e+02 0.0000e+00
  5.0000e+02 7.0000e+02 0.0000e+00
  6.0000e+02 7.0000e+02 0.0000e+00
  7.0000e+02 7.0000e+02 0.0000e+00
  8.0000e+02 7.0000e+02 0.0000e+00
  9.0000e+02 7.0000e+02 0.0000e+00
  1.0000e+03 7.0000e+02 0.0000e+00
  -1.0000e+03 8.0000e+02 0.0000e+00
  -9.0000e+02 8.0000e+02 0.0000e+00
  -8.0000e+02 8.0000e+02 0.0000e+00
  -7.0000e+02 8.0000e+02 0.0000e+00
  -6.0000e+02 8.0000e+02 0.0000e+00
  -5.0000e+02 8.0000e+02 0.0000e+00
  -4.0000e+02 8.0000e+02 0.0000e+00
  -3.0000e+02 8.0000e+02 0.0000e+00
  -2.0000e+02 8.0000e+02 0.0000e+00
  -1.0000e+02 8.0000e+02 0.0000e+00
  0.0000e+00 8.0000e+02 0.0000e+00
  1.0000e+02 8.0000e+02 0.0000e+00
  2.0000e+02 8.0000e+02 0.0000e+00
  3.0000e+02 8.0000e+02 0.0000e+00
  4.0000e+02 8.0000e+02 0.0000e+00
  5.0000e+02 8.0000e+02 0.0000e+00
  6.0000e+02 8.0000e+02 0.0000e+00
  7.0000e+02 8.0000e+02 0.0000e+00
  8.0000e+02 8.0000e+02 0.0000e+00
  9.0000e+02 8.0000e+02 0.0000e+00
  1.0000e+03 8.0000e+02 0.0000e+00
  -1.0000e+03 9.0000e+02 0.0000e+00
  -9.0000e+02 9.0000e+02 0.0000e+00
  -8.0000e+02 9.0000e+02 0.0000e+00
  -7.0000e+02 9.0000e+02 0.0000e+00
  -6.0000e+02 9.0000e+02 0.0000e+00
  -5.0000e+02 9.0000e+02 0.0000e+00
  -4.0000e+02 9.0000e+02 0.0000e+00
  -3.0000e+02 9.0000e+02 0.0000e+00
  -2.0000e+02 9.0000e+02 0.0000e+00
  -1.0000e+02 9.0000e+02 0.0000e+00
  0.0000e+00 9.0000e+02 0.0000e+00
  1.0000e+02 9.0000e+02 0.0000e+00
  2.0000e+02 9.0000e+02 0.0000e+00
  3.0000e+02 9.0000e+02 0.0000e+00
  4.0000e+02 9.0000e+02 0.0000e+00
  5.0000e+02 9.0000e+02 0.0000e+00
  6.0000e+02 9.0000e+02 0.0000e+00
  7.0000e+02 9.0000e+02 0.0000e+00
  8.0000e+02 9.0000e+02 0.0000e+00
  9.0000e+02 9.0000e+02 0.0000e+00
  1.0000e+03 9.0000e+02 0.0000e+00
  -1.0000e+03 1.0000e+03 0.0000e+00
  -9.0000e+02 1.0000e+03 0.0000e+00
  -8.0000e+02 1.0000e+03 0.0000e+00
  -7.0000e+02 1.0000e+03 0.0000e+00
  -6.0000e+02 1.0000e+03 0.0000e+00
  -5.0000e+02 1.0000e+03 0.0000e+00
  -4.0000e+02 1.0000e+03 0.0000e+00
  -3.0000e+02 1.0000e+03 0.0000e+00
  -2.0000e+02 1.0000e+03 0.0000e+00
  -1.0000e+02 1.0000e+03 0.0000e+00
  0.0000e+00 1.0000e+03 0.0000e+00
  1.0000e+02 1.0000e+03 0.0000e+00
  2.0000e+02 1.0000e+03 0.0000e+00
  3.0000e+02 1.0000e+03 0.0000e+00
  4.0000e+02 1.0000e+03 0.0000e+00
  5.0000e+02 1.0000e+03 0.0000e+00
  6.0000e+02 1.0000e+03 0.0000e+00
  7.0000e+02 1.0000e+03 0.0000e+00
  8.0000e+02 1.0000e+03 0.0000e+00
  9.0000e+02 1.0000e+03 0.0000e+00
  1.0000e+03 1.0000e+03 0.0000e+00


TRX_LINES
5
  -2.0000e+03 -2.0000e+03 1.0000e-01
  2.0000e+03 -2.0000e+03 1.0000e-01
  2.0000e+03 2.0000e+03 1.0000e-01
  -2.0000e+03 2.0000e+03 1.0000e-01
  -2.0000e+03 -2.0000e+03 1.0000e-01

FREQUENCY 10000
N_RECV 441

  -1.0000e+03 -1.0000e+03 0.0000e+00
  -9.0000e+02 -1.0000e+03 0.0000e+00
  -8.0000e+02 -1.0000e+03 0.0000e+00
  -7.0000e+02 -1.0000e+03 0.0000e+00
  -6.0000e+02 -1.0000e+03 0.0000e+00
  -5.0000e+02 -1.0000e+03 0.0000e+00
  -4.0000e+02 -1.0000e+03 0.0000e+00
  -3.0000e+02 -1.0000e+03 0.0000e+00
  -2.0000e+02 -1.0000e+03 0.0000e+00
  -1.0000e+02 -1.0000e+03 0.0000e+00
  0.0000e+00 -1.0000e+03 0.0000e+00
  1.0000e+02 -1.0000e+03 0.0000e+00
  2.0000e+02 -1.0000e+03 0.0000e+00
  3.0000e+02 -1.0000e+03 0.0000e+00
  4.0000e+02 -1.0000e+03 0.0000e+00
  5.0000e+02 -1.0000e+03 0.0000e+00
  6.0000e+02 -1.0000e+03 0.0000e+00
  7.0000e+02 -1.0000e+03 0.0000e+00
  8.0000e+02 -1.0000e+03 0.0000e+00
  9.0000e+02 -1.0000e+03 0.0000e+00
  1.0000e+03 -1.0000e+03 0.0000e+00
  -1.0000e+03 -9.0000e+02 0.0000e+00
  -9.0000e+02 -9.0000e+02 0.0000e+00
  -8.0000e+02 -9.0000e+02 0.0000e+00
  -7.0000e+02 -9.0000e+02 0.0000e+00
  -6.0000e+02 -9.0000e+02 0.0000e+00
  -5.0000e+02 -9.0000e+02 0.0000e+00
  -4.0000e+02 -9.0000e+02 0.0000e+00
  -3.0000e+02 -9.0000e+02 0.0000e+00
  -2.0000e+02 -9.0000e+02 0.0000e+00
  -1.0000e+02 -9.0000e+02 0.0000e+00
  0.0000e+00 -9.0000e+02 0.0000e+00
  1.0000e+02 -9.0000e+02 0.0000e+00
  2.0000e+02 -9.0000e+02 0.0000e+00
  3.0000e+02 -9.0000e+02 0.0000e+00
  4.0000e+02 -9.0000e+02 0.0000e+00
  5.0000e+02 -9.0000e+02 0.0000e+00
  6.0000e+02 -9.0000e+02 0.0000e+00
  7.0000e+02 -9.0000e+02 0.0000e+00
  8.0000e+02 -9.0000e+02 0.0000e+00
  9.0000e+02 -9.0000e+02 0.0000e+00
  1.0000e+03 -9.0000e+02 0.0000e+00
  -1.0000e+03 -8.0000e+02 0.0000e+00
  -9.0000e+02 -8.0000e+02 0.0000e+00
  -8.0000e+02 -8.0000e+02 0.0000e+00
  -7.0000e+02 -8.0000e+02 0.0000e+00
  -6.0000e+02 -8.0000e+02 0.0000e+00
  -5.0000e+02 -8.0000e+02 0.0000e+00
  -4.0000e+02 -8.0000e+02 0.0000e+00
  -3.0000e+02 -8.0000e+02 0.0000e+00
  -2.0000e+02 -8.0000e+02 0.0000e+00
  -1.0000e+02 -8.0000e+02 0.0000e+00
  0.0000e+00 -8.0000e+02 0.0000e+00
  1.0000e+02 -8.0000e+02 0.0000e+00
  2.0000e+02 -8.0000e+02 0.0000e+00
  3.0000e+02 -8.0000e+02 0.0000e+00
  4.0000e+02 -8.0000e+02 0.0000e+00
  5.0000e+02 -8.0000e+02 0.0000e+00
  6.0000e+02 -8.0000e+02 0.0000e+00
  7.0000e+02 -8.0000e+02 0.0000e+00
  8.0000e+02 -8.0000e+02 0.0000e+00
  9.0000e+02 -8.0000e+02 0.0000e+00
  1.0000e+03 -8.0000e+02 0.0000e+00
  -1.0000e+03 -7.0000e+02 0.0000e+00
  -9.0000e+02 -7.0000e+02 0.0000e+00
  -8.0000e+02 -7.0000e+02 0.0000e+00
  -7.0000e+02 -7.0000e+02 0.0000e+00
  -6.0000e+02 -7.0000e+02 0.0000e+00
  -5.0000e+02 -7.0000e+02 0.0000e+00
  -4.0000e+02 -7.0000e+02 0.0000e+00
  -3.0000e+02 -7.0000e+02 0.0000e+00
  -2.0000e+02 -7.0000e+02 0.0000e+00
  -1.0000e+02 -7.0000e+02 0.0000e+00
  0.0000e+00 -7.0000e+02 0.0000e+00
  1.0000e+02 -7.0000e+02 0.0000e+00
  2.0000e+02 -7.0000e+02 0.0000e+00
  3.0000e+02 -7.0000e+02 0.0000e+00
  4.0000e+02 -7.0000e+02 0.0000e+00
  5.0000e+02 -7.0000e+02 0.0000e+00
  6.0000e+02 -7.0000e+02 0.0000e+00
  7.0000e+02 -7.0000e+02 0.0000e+00
  8.0000e+02 -7.0000e+02 0.0000e+00
  9.0000e+02 -7.0000e+02 0.0000e+00
  1.0000e+03 -7.0000e+02 0.0000e+00
  -1.0000e+03 -6.0000e+02 0.0000e+00
  -9.0000e+02 -6.0000e+02 0.0000e+00
  -8.0000e+02 -6.0000e+02 0.0000e+00
  -7.0000e+02 -6.0000e+02 0.0000e+00
  -6.0000e+02 -6.0000e+02 0.0000e+00
  -5.0000e+02 -6.0000e+02 0.0000e+00
  -4.0000e+02 -6.0000e+02 0.0000e+00
  -3.0000e+02 -6.0000e+02 0.0000e+00
  -2.0000e+02 -6.0000e+02 0.0000e+00
  -1.0000e+02 -6.0000e+02 0.0000e+00
  0.0000e+00 -6.0000e+02 0.0000e+00
  1.0000e+02 -6.0000e+02 0.0000e+00
  2.0000e+02 -6.0000e+02 0.0000e+00
  3.0000e+02 -6.0000e+02 0.0000e+00
  4.0000e+02 -6.0000e+02 0.0000e+00
  5.0000e+02 -6.0000e+02 0.0000e+00
  6.0000e+02 -6.0000e+02 0.0000e+00
  7.0000e+02 -6.0000e+02 0.0000e+00
  8.0000e+02 -6.0000e+02 0.0000e+00
  9.0000e+02 -6.0000e+02 0.0000e+00
  1.0000e+03 -6.0000e+02 0.0000e+00
  -1.0000e+03 -5.0000e+02 0.0000e+00
  -9.0000e+02 -5.0000e+02 0.0000e+00
  -8.0000e+02 -5.0000e+02 0.0000e+00
  -7.0000e+02 -5.0000e+02 0.0000e+00
  -6.0000e+02 -5.0000e+02 0.0000e+00
  -5.0000e+02 -5.0000e+02 0.0000e+00
  -4.0000e+02 -5.0000e+02 0.0000e+00
  -3.0000e+02 -5.0000e+02 0.0000e+00
  -2.0000e+02 -5.0000e+02 0.0000e+00
  -1.0000e+02 -5.0000e+02 0.0000e+00
  0.0000e+00 -5.0000e+02 0.0000e+00
  1.0000e+02 -5.0000e+02 0.0000e+00
  2.0000e+02 -5.0000e+02 0.0000e+00
  3.0000e+02 -5.0000e+02 0.0000e+00
  4.0000e+02 -5.0000e+02 0.0000e+00
  5.0000e+02 -5.0000e+02 0.0000e+00
  6.0000e+02 -5.0000e+02 0.0000e+00
  7.0000e+02 -5.0000e+02 0.0000e+00
  8.0000e+02 -5.0000e+02 0.0000e+00
  9.0000e+02 -5.0000e+02 0.0000e+00
  1.0000e+03 -5.0000e+02 0.0000e+00
  -1.0000e+03 -4.0000e+02 0.0000e+00
  -9.0000e+02 -4.0000e+02 0.0000e+00
  -8.0000e+02 -4.0000e+02 0.0000e+00
  -7.0000e+02 -4.0000e+02 0.0000e+00
  -6.0000e+02 -4.0000e+02 0.0000e+00
  -5.0000e+02 -4.0000e+02 0.0000e+00
  -4.0000e+02 -4.0000e+02 0.0000e+00
  -3.0000e+02 -4.0000e+02 0.0000e+00
  -2.0000e+02 -4.0000e+02 0.0000e+00
  -1.0000e+02 -4.0000e+02 0.0000e+00
  0.0000e+00 -4.0000e+02 0.0000e+00
  1.0000e+02 -4.0000e+02 0.0000e+00
  2.0000e+02 -4.0000e+02 0.0000e+00
  3.0000e+02 -4.0000e+02 0.0000e+00
  4.0000e+02 -4.0000e+02 0.0000e+00
  5.0000e+02 -4.0000e+02 0.0000e+00
  6.0000e+02 -4.0000e+02 0.0000e+00
  7.0000e+02 -4.0000e+02 0.0000e+00
  8.0000e+02 -4.0000e+02 0.0000e+00
  9.0000e+02 -4.0000e+02 0.0000e+00
  1.0000e+03 -4.0000e+02 0.0000e+00
  -1.0000e+03 -3.0000e+02 0.0000e+00
  -9.0000e+02 -3.0000e+02 0.0000e+00
  -8.0000e+02 -3.0000e+02 0.0000e+00
  -7.0000e+02 -3.0000e+02 0.0000e+00
  -6.0000e+02 -3.0000e+02 0.0000e+00
  -5.0000e+02 -3.0000e+02 0.0000e+00
  -4.0000e+02 -3.0000e+02 0.0000e+00
  -3.0000e+02 -3.0000e+02 0.0000e+00
  -2.0000e+02 -3.0000e+02 0.0000e+00
  -1.0000e+02 -3.0000e+02 0.0000e+00
  0.0000e+00 -3.0000e+02 0.0000e+00
  1.0000e+02 -3.0000e+02 0.0000e+00
  2.0000e+02 -3.0000e+02 0.0000e+00
  3.0000e+02 -3.0000e+02 0.0000e+00
  4.0000e+02 -3.0000e+02 0.0000e+00
  5.0000e+02 -3.0000e+02 0.0000e+00
  6.0000e+02 -3.0000e+02 0.0000e+00
  7.0000e+02 -3.0000e+02 0.0000e+00
  8.0000e+02 -3.0000e+02 0.0000e+00
  9.0000e+02 -3.0000e+02 0.0000e+00
  1.0000e+03 -3.0000e+02 0.0000e+00
  -1.0000e+03 -2.0000e+02 0.0000e+00
  -9.0000e+02 -2.0000e+02 0.0000e+00
  -8.0000e+02 -2.0000e+02 0.0000e+00
  -7.0000e+02 -2.0000e+02 0.0000e+00
  -6.0000e+02 -2.0000e+02 0.0000e+00
  -5.0000e+02 -2.0000e+02 0.0000e+00
  -4.0000e+02 -2.0000e+02 0.0000e+00
  -3.0000e+02 -2.0000e+02 0.0000e+00
  -2.0000e+02 -2.0000e+02 0.0000e+00
  -1.0000e+02 -2.0000e+02 0.0000e+00
  0.0000e+00 -2.0000e+02 0.0000e+00
  1.0000e+02 -2.0000e+02 0.0000e+00
  2.0000e+02 -2.0000e+02 0.0000e+00
  3.0000e+02 -2.0000e+02 0.0000e+00
  4.0000e+02 -2.0000e+02 0.0000e+00
  5.0000e+02 -2.0000e+02 0.0000e+00
  6.0000e+02 -2.0000e+02 0.0000e+00
  7.0000e+02 -2.0000e+02 0.0000e+00
  8.0000e+02 -2.0000e+02 0.0000e+00
  9.0000e+02 -2.0000e+02 0.0000e+00
  1.0000e+03 -2.0000e+02 0.0000e+00
  -1.0000e+03 -1.0000e+02 0.0000e+00
  -9.0000e+02 -1.0000e+02 0.0000e+00
  -8.0000e+02 -1.0000e+02 0.0000e+00
  -7.0000e+02 -1.0000e+02 0.0000e+00
  -6.0000e+02 -1.0000e+02 0.0000e+00
  -5.0000e+02 -1.0000e+02 0.0000e+00
  -4.0000e+02 -1.0000e+02 0.0000e+00
  -3.0000e+02 -1.0000e+02 0.0000e+00
  -2.0000e+02 -1.0000e+02 0.0000e+00
  -1.0000e+02 -1.0000e+02 0.0000e+00
  0.0000e+00 -1.0000e+02 0.0000e+00
  1.0000e+02 -1.0000e+02 0.0000e+00
  2.0000e+02 -1.0000e+02 0.0000e+00
  3.0000e+02 -1.0000e+02 0.0000e+00
  4.0000e+02 -1.0000e+02 0.0000e+00
  5.0000e+02 -1.0000e+02 0.0000e+00
  6.0000e+02 -1.0000e+02 0.0000e+00
  7.0000e+02 -1.0000e+02 0.0000e+00
  8.0000e+02 -1.0000e+02 0.0000e+00
  9.0000e+02 -1.0000e+02 0.0000e+00
  1.0000e+03 -1.0000e+02 0.0000e+00
  -1.0000e+03 0.0000e+00 0.0000e+00
  -9.0000e+02 0.0000e+00 0.0000e+00
  -8.0000e+02 0.0000e+00 0.0000e+00
  -7.0000e+02 0.0000e+00 0.0000e+00
  -6.0000e+02 0.0000e+00 0.0000e+00
  -5.0000e+02 0.0000e+00 0.0000e+00
  -4.0000e+02 0.0000e+00 0.0000e+00
  -3.0000e+02 0.0000e+00 0.0000e+00
  -2.0000e+02 0.0000e+00 0.0000e+00
  -1.0000e+02 0.0000e+00 0.0000e+00
  0.0000e+00 0.0000e+00 0.0000e+00
  1.0000e+02 0.0000e+00 0.0000e+00
  2.0000e+02 0.0000e+00 0.0000e+00
  3.0000e+02 0.0000e+00 0.0000e+00
  4.0000e+02 0.0000e+00 0.0000e+00
  5.0000e+02 0.0000e+00 0.0000e+00
  6.0000e+02 0.0000e+00 0.0000e+00
  7.0000e+02 0.0000e+00 0.0000e+00
  8.0000e+02 0.0000e+00 0.0000e+00
  9.0000e+02 0.0000e+00 0.0000e+00
  1.0000e+03 0.0000e+00 0.0000e+00
  -1.0000e+03 1.0000e+02 0.0000e+00
  -9.0000e+02 1.0000e+02 0.0000e+00
  -8.0000e+02 1.0000e+02 0.0000e+00
  -7.0000e+02 1.0000e+02 0.0000e+00
  -6.0000e+02 1.0000e+02 0.0000e+00
  -5.0000e+02 1.0000e+02 0.0000e+00
  -4.0000e+02 1.0000e+02 0.0000e+00
  -3.0000e+02 1.0000e+02 0.0000e+00
  -2.0000e+02 1.0000e+02 0.0000e+00
  -1.0000e+02 1.0000e+02 0.0000e+00
  0.0000e+00 1.0000e+02 0.0000e+00
  1.0000e+02 1.0000e+02 0.0000e+00
  2.0000e+02 1.0000e+02 0.0000e+00
  3.0000e+02 1.0000e+02 0.0000e+00
  4.0000e+02 1.0000e+02 0.0000e+00
  5.0000e+02 1.0000e+02 0.0000e+00
  6.0000e+02 1.0000e+02 0.0000e+00
  7.0000e+02 1.0000e+02 0.0000e+00
  8.0000e+02 1.0000e+02 0.0000e+00
  9.0000e+02 1.0000e+02 0.0000e+00
  1.0000e+03 1.0000e+02 0.0000e+00
  -1.0000e+03 2.0000e+02 0.0000e+00
  -9.0000e+02 2.0000e+02 0.0000e+00
  -8.0000e+02 2.0000e+02 0.0000e+00
  -7.0000e+02 2.0000e+02 0.0000e+00
  -6.0000e+02 2.0000e+02 0.0000e+00
  -5.0000e+02 2.0000e+02 0.0000e+00
  -4.0000e+02 2.0000e+02 0.0000e+00
  -3.0000e+02 2.0000e+02 0.0000e+00
  -2.0000e+02 2.0000e+02 0.0000e+00
  -1.0000e+02 2.0000e+02 0.0000e+00
  0.0000e+00 2.0000e+02 0.0000e+00
  1.0000e+02 2.0000e+02 0.0000e+00
  2.0000e+02 2.0000e+02 0.0000e+00
  3.0000e+02 2.0000e+02 0.0000e+00
  4.0000e+02 2.0000e+02 0.0000e+00
  5.0000e+02 2.0000e+02 0.0000e+00
  6.0000e+02 2.0000e+02 0.0000e+00
  7.0000e+02 2.0000e+02 0.0000e+00
  8.0000e+02 2.0000e+02 0.0000e+00
  9.0000e+02 2.0000e+02 0.0000e+00
  1.0000e+03 2.0000e+02 0.0000e+00
  -1.0000e+03 3.0000e+02 0.0000e+00
  -9.0000e+02 3.0000e+02 0.0000e+00
  -8.0000e+02 3.0000e+02 0.0000e+00
  -7.0000e+02 3.0000e+02 0.0000e+00
  -6.0000e+02 3.0000e+02 0.0000e+00
  -5.0000e+02 3.0000e+02 0.0000e+00
  -4.0000e+02 3.0000e+02 0.0000e+00
  -3.0000e+02 3.0000e+02 0.0000e+00
  -2.0000e+02 3.0000e+02 0.0000e+00
  -1.0000e+02 3.0000e+02 0.0000e+00
  0.0000e+00 3.0000e+02 0.0000e+00
  1.0000e+02 3.0000e+02 0.0000e+00
  2.0000e+02 3.0000e+02 0.0000e+00
  3.0000e+02 3.0000e+02 0.0000e+00
  4.0000e+02 3.0000e+02 0.0000e+00
  5.0000e+02 3.0000e+02 0.0000e+00
  6.0000e+02 3.0000e+02 0.0000e+00
  7.0000e+02 3.0000e+02 0.0000e+00
  8.0000e+02 3.0000e+02 0.0000e+00
  9.0000e+02 3.0000e+02 0.0000e+00
  1.0000e+03 3.0000e+02 0.0000e+00
  -1.0000e+03 4.0000e+02 0.0000e+00
  -9.0000e+02 4.0000e+02 0.0000e+00
  -8.0000e+02 4.0000e+02 0.0000e+00
  -7.0000e+02 4.0000e+02 0.0000e+00
  -6.0000e+02 4.0000e+02 0.0000e+00
  -5.0000e+02 4.0000e+02 0.0000e+00
  -4.0000e+02 4.0000e+02 0.0000e+00
  -3.0000e+02 4.0000e+02 0.0000e+00
  -2.0000e+02 4.0000e+02 0.0000e+00
  -1.0000e+02 4.0000e+02 0.0000e+00
  0.0000e+00 4.0000e+02 0.0000e+00
  1.0000e+02 4.0000e+02 0.0000e+00
  2.0000e+02 4.0000e+02 0.0000e+00
  3.0000e+02 4.0000e+02 0.0000e+00
  4.0000e+02 4.0000e+02 0.0000e+00
  5.0000e+02 4.0000e+02 0.0000e+00
  6.0000e+02 4.0000e+02 0.0000e+00
  7.0000e+02 4.0000e+02 0.0000e+00
  8.0000e+02 4.0000e+02 0.0000e+00
  9.0000e+02 4.0000e+02 0.0000e+00
  1.0000e+03 4.0000e+02 0.0000e+00
  -1.0000e+03 5.0000e+02 0.0000e+00
  -9.0000e+02 5.0000e+02 0.0000e+00
  -8.0000e+02 5.0000e+02 0.0000e+00
  -7.0000e+02 5.0000e+02 0.0000e+00
  -6.0000e+02 5.0000e+02 0.0000e+00
  -5.0000e+02 5.0000e+02 0.0000e+00
  -4.0000e+02 5.0000e+02 0.0000e+00
  -3.0000e+02 5.0000e+02 0.0000e+00
  -2.0000e+02 5.0000e+02 0.0000e+00
  -1.0000e+02 5.0000e+02 0.0000e+00
  0.0000e+00 5.0000e+02 0.0000e+00
  1.0000e+02 5.0000e+02 0.0000e+00
  2.0000e+02 5.0000e+02 0.0000e+00
  3.0000e+02 5.0000e+02 0.0000e+00
  4.0000e+02 5.0000e+02 0.0000e+00
  5.0000e+02 5.0000e+02 0.0000e+00
  6.0000e+02 5.0000e+02 0.0000e+00
  7.0000e+02 5.0000e+02 0.0000e+00
  8.0000e+02 5.0000e+02 0.0000e+00
  9.0000e+02 5.0000e+02 0.0000e+00
  1.0000e+03 5.0000e+02 0.0000e+00
  -1.0000e+03 6.0000e+02 0.0000e+00
  -9.0000e+02 6.0000e+02 0.0000e+00
  -8.0000e+02 6.0000e+02 0.0000e+00
  -7.0000e+02 6.0000e+02 0.0000e+00
  -6.0000e+02 6.0000e+02 0.0000e+00
  -5.0000e+02 6.0000e+02 0.0000e+00
  -4.0000e+02 6.0000e+02 0.0000e+00
  -3.0000e+02 6.0000e+02 0.0000e+00
  -2.0000e+02 6.0000e+02 0.0000e+00
  -1.0000e+02 6.0000e+02 0.0000e+00
  0.0000e+00 6.0000e+02 0.0000e+00
  1.0000e+02 6.0000e+02 0.0000e+00
  2.0000e+02 6.0000e+02 0.0000e+00
  3.0000e+02 6.0000e+02 0.0000e+00
  4.0000e+02 6.0000e+02 0.0000e+00
  5.0000e+02 6.0000e+02 0.0000e+00
  6.0000e+02 6.0000e+02 0.0000e+00
  7.0000e+02 6.0000e+02 0.0000e+00
  8.0000e+02 6.0000e+02 0.0000e+00
  9.0000e+02 6.0000e+02 0.0000e+00
  1.0000e+03 6.0000e+02 0.0000e+00
  -1.0000e+03 7.0000e+02 0.0000e+00
  -9.0000e+02 7.0000e+02 0.0000e+00
  -8.0000e+02 7.0000e+02 0.0000e+00
  -7.0000e+02 7.0000e+02 0.0000e+00
  -6.0000e+02 7.0000e+02 0.0000e+00
  -5.0000e+02 7.0000e+02 0.0000e+00
  -4.0000e+02 7.0000e+02 0.0000e+00
  -3.0000e+02 7.0000e+02 0.0000e+00
  -2.0000e+02 7.0000e+02 0.0000e+00
  -1.0000e+02 7.0000e+02 0.0000e+00
  0.0000e+00 7.0000e+02 0.0000e+00
  1.0000e+02 7.0000e+02 0.0000e+00
  2.0000e+02 7.0000e+02 0.0000e+00
  3.0000e+02 7.0000e+02 0.0000e+00
  4.0000e+02 7.0000e+02 0.0000e+00
  5.0000e+02 7.0000e+02 0.0000e+00
  6.0000e+02 7.0000e+02 0.0000e+00
  7.0000e+02 7.0000e+02 0.0000e+00
  8.0000e+02 7.0000e+02 0.0000e+00
  9.0000e+02 7.0000e+02 0.0000e+00
  1.0000e+03 7.0000e+02 0.0000e+00
  -1.0000e+03 8.0000e+02 0.0000e+00
  -9.0000e+02 8.0000e+02 0.0000e+00
  -8.0000e+02 8.0000e+02 0.0000e+00
  -7.0000e+02 8.0000e+02 0.0000e+00
  -6.0000e+02 8.0000e+02 0.0000e+00
  -5.0000e+02 8.0000e+02 0.0000e+00
  -4.0000e+02 8.0000e+02 0.0000e+00
  -3.0000e+02 8.0000e+02 0.0000e+00
  -2.0000e+02 8.0000e+02 0.0000e+00
  -1.0000e+02 8.0000e+02 0.0000e+00
  0.0000e+00 8.0000e+02 0.0000e+00
  1.0000e+02 8.0000e+02 0.0000e+00
  2.0000e+02 8.0000e+02 0.0000e+00
  3.0000e+02 8.0000e+02 0.0000e+00
  4.0000e+02 8.0000e+02 0.0000e+00
  5.0000e+02 8.0000e+02 0.0000e+00
  6.0000e+02 8.0000e+02 0.0000e+00
  7.0000e+02 8.0000e+02 0.0000e+00
  8.0000e+02 8.0000e+02 0.0000e+00
  9.0000e+02 8.0000e+02 0.0000e+00
  1.0000e+03 8.0000e+02 0.0000e+00
  -1.0000e+03 9.0000e+02 0.0000e+00
  -9.0000e+02 9.0000e+02 0.0000e+00
  -8.0000e+02 9.0000e+02 0.0000e+00
  -7.0000e+02 9.0000e+02 0.0000e+00
  -6.0000e+02 9.0000e+02 0.0000e+00
  -5.0000e+02 9.0000e+02 0.0000e+00
  -4.0000e+02 9.0000e+02 0.0000e+00
  -3.0000e+02 9.0000e+02 0.0000e+00
  -2.0000e+02 9.0000e+02 0.0000e+00
  -1.0000e+02 9.0000e+02 0.0000e+00
  0.0000e+00 9.0000e+02 0.0000e+00
  1.0000e+02 9.0000e+02 0.0000e+00
  2.0000e+02 9.0000e+02 0.0000e+00
  3.0000e+02 9.0000e+02 0.0000e+00
  4.0000e+02 9.0000e+02 0.0000e+00
  5.0000e+02 9.0000e+02 0.0000e+00
  6.0000e+02 9.0000e+02 0.0000e+00
  7.0000e+02 9.0000e+02 0.0000e+00
  8.0000e+02 9.0000e+02 0.0000e+00
  9.0000e+02 9.0000e+02 0.0000e+00
  1.0000e+03 9.0000e+02 0.0000e+00
  -1.0000e+03 1.0000e+03 0.0000e+00
  -9.0000e+02 1.0000e+03 0.0000e+00
  -8.0000e+02 1.0000e+03 0.0000e+00
  -7.0000e+02 1.0000e+03 0.0000e+00
  -6.0000e+02 1.0000e+03 0.0000e+00
  -5.0000e+02 1.0000e+03 0.0000e+00
  -4.0000e+02 1.0000e+03 0.0000e+00
  -3.0000e+02 1.0000e+03 0.0000e+00
  -2.0000e+02 1.0000e+03 0.0000e+00
  -1.0000e+02 1.0000e+03 0.0000e+00
  0.0000e+00 1.0000e+03 0.0000e+00
  1.0000e+02 1.0000e+03 0.0000e+00
  2.0000e+02 1.0000e+03 0.0000e+00
  3.0000e+02 1.0000e+03 0.0000e+00
  4.0000e+02 1.0000e+03 0.0000e+00
  5.0000e+02 1.0000e+03 0.0000e+00
  6.0000e+02 1.0000e+03 0.0000e+00
  7.0000e+02 1.0000e+03 0.0000e+00
  8.0000e+02 1.0000e+03 0.0000e+00
  9.0000e+02 1.0000e+03 0.0000e+00
  1.0000e+03 1.0000e+03 0.0000e+00


TRX_LINES
5
  -2.0000e+03 -2.0000e+03 1.0000e-01
  2.0000e+03 -2.0000e+03 1.0000e-01
  2.0000e+03 2.0000e+03 1.0000e-01
  -2.0000e+03 2.0000e+03 1.0000e-01
  -2.0000e+03 -2.0000e+03 1.0000e-01

FREQUENCY 25000
N_RECV 441

  -1.0000e+03 -1.0000e+03 0.0000e+00
  -9.0000e+02 -1.0000e+03 0.0000e+00
  -8.0000e+02 -1.0000e+03 0.0000e+00
  -7.0000e+02 -1.0000e+03 0.0000e+00
  -6.0000e+02 -1.0000e+03 0.0000e+00
  -5.0000e+02 -1.0000e+03 0.0000e+00
  -4.0000e+02 -1.0000e+03 0.0000e+00
  -3.0000e+02 -1.0000e+03 0.0000e+00
  -2.0000e+02 -1.0000e+03 0.0000e+00
  -1.0000e+02 -1.0000e+03 0.0000e+00
  0.0000e+00 -1.0000e+03 0.0000e+00
  1.0000e+02 -1.0000e+03 0.0000e+00
  2.0000e+02 -1.0000e+03 0.0000e+00
  3.0000e+02 -1.0000e+03 0.0000e+00
  4.0000e+02 -1.0000e+03 0.0000e+00
  5.0000e+02 -1.0000e+03 0.0000e+00
  6.0000e+02 -1.0000e+03 0.0000e+00
  7.0000e+02 -1.0000e+03 0.0000e+00
  8.0000e+02 -1.0000e+03 0.0000e+00
  9.0000e+02 -1.0000e+03 0.0000e+00
  1.0000e+03 -1.0000e+03 0.0000e+00
  -1.0000e+03 -9.0000e+02 0.0000e+00
  -9.0000e+02 -9.0000e+02 0.0000e+00
  -8.0000e+02 -9.0000e+02 0.0000e+00
  -7.0000e+02 -9.0000e+02 0.0000e+00
  -6.0000e+02 -9.0000e+02 0.0000e+00
  -5.0000e+02 -9.0000e+02 0.0000e+00
  -4.0000e+02 -9.0000e+02 0.0000e+00
  -3.0000e+02 -9.0000e+02 0.0000e+00
  -2.0000e+02 -9.0000e+02 0.0000e+00
  -1.0000e+02 -9.0000e+02 0.0000e+00
  0.0000e+00 -9.0000e+02 0.0000e+00
  1.0000e+02 -9.0000e+02 0.0000e+00
  2.0000e+02 -9.0000e+02 0.0000e+00
  3.0000e+02 -9.0000e+02 0.0000e+00
  4.0000e+02 -9.0000e+02 0.0000e+00
  5.0000e+02 -9.0000e+02 0.0000e+00
  6.0000e+02 -9.0000e+02 0.0000e+00
  7.0000e+02 -9.0000e+02 0.0000e+00
  8.0000e+02 -9.0000e+02 0.0000e+00
  9.0000e+02 -9.0000e+02 0.0000e+00
  1.0000e+03 -9.0000e+02 0.0000e+00
  -1.0000e+03 -8.0000e+02 0.0000e+00
  -9.0000e+02 -8.0000e+02 0.0000e+00
  -8.0000e+02 -8.0000e+02 0.0000e+00
  -7.0000e+02 -8.0000e+02 0.0000e+00
  -6.0000e+02 -8.0000e+02 0.0000e+00
  -5.0000e+02 -8.0000e+02 0.0000e+00
  -4.0000e+02 -8.0000e+02 0.0000e+00
  -3.0000e+02 -8.0000e+02 0.0000e+00
  -2.0000e+02 -8.0000e+02 0.0000e+00
  -1.0000e+02 -8.0000e+02 0.0000e+00
  0.0000e+00 -8.0000e+02 0.0000e+00
  1.0000e+02 -8.0000e+02 0.0000e+00
  2.0000e+02 -8.0000e+02 0.0000e+00
  3.0000e+02 -8.0000e+02 0.0000e+00
  4.0000e+02 -8.0000e+02 0.0000e+00
  5.0000e+02 -8.0000e+02 0.0000e+00
  6.0000e+02 -8.0000e+02 0.0000e+00
  7.0000e+02 -8.0000e+02 0.0000e+00
  8.0000e+02 -8.0000e+02 0.0000e+00
  9.0000e+02 -8.0000e+02 0.0000e+00
  1.0000e+03 -8.0000e+02 0.0000e+00
  -1.0000e+03 -7.0000e+02 0.0000e+00
  -9.0000e+02 -7.0000e+02 0.0000e+00
  -8.0000e+02 -7.0000e+02 0.0000e+00
  -7.0000e+02 -7.0000e+02 0.0000e+00
  -6.0000e+02 -7.0000e+02 0.0000e+00
  -5.0000e+02 -7.0000e+02 0.0000e+00
  -4.0000e+02 -7.0000e+02 0.0000e+00
  -3.0000e+02 -7.0000e+02 0.0000e+00
  -2.0000e+02 -7.0000e+02 0.0000e+00
  -1.0000e+02 -7.0000e+02 0.0000e+00
  0.0000e+00 -7.0000e+02 0.0000e+00
  1.0000e+02 -7.0000e+02 0.0000e+00
  2.0000e+02 -7.0000e+02 0.0000e+00
  3.0000e+02 -7.0000e+02 0.0000e+00
  4.0000e+02 -7.0000e+02 0.0000e+00
  5.0000e+02 -7.0000e+02 0.0000e+00
  6.0000e+02 -7.0000e+02 0.0000e+00
  7.0000e+02 -7.0000e+02 0.0000e+00
  8.0000e+02 -7.0000e+02 0.0000e+00
  9.0000e+02 -7.0000e+02 0.0000e+00
  1.0000e+03 -7.0000e+02 0.0000e+00
  -1.0000e+03 -6.0000e+02 0.0000e+00
  -9.0000e+02 -6.0000e+02 0.0000e+00
  -8.0000e+02 -6.0000e+02 0.0000e+00
  -7.0000e+02 -6.0000e+02 0.0000e+00
  -6.0000e+02 -6.0000e+02 0.0000e+00
  -5.0000e+02 -6.0000e+02 0.0000e+00
  -4.0000e+02 -6.0000e+02 0.0000e+00
  -3.0000e+02 -6.0000e+02 0.0000e+00
  -2.0000e+02 -6.0000e+02 0.0000e+00
  -1.0000e+02 -6.0000e+02 0.0000e+00
  0.0000e+00 -6.0000e+02 0.0000e+00
  1.0000e+02 -6.0000e+02 0.0000e+00
  2.0000e+02 -6.0000e+02 0.0000e+00
  3.0000e+02 -6.0000e+02 0.0000e+00
  4.0000e+02 -6.0000e+02 0.0000e+00
  5.0000e+02 -6.0000e+02 0.0000e+00
  6.0000e+02 -6.0000e+02 0.0000e+00
  7.0000e+02 -6.0000e+02 0.0000e+00
  8.0000e+02 -6.0000e+02 0.0000e+00
  9.0000e+02 -6.0000e+02 0.0000e+00
  1.0000e+03 -6.0000e+02 0.0000e+00
  -1.0000e+03 -5.0000e+02 0.0000e+00
  -9.0000e+02 -5.0000e+02 0.0000e+00
  -8.0000e+02 -5.0000e+02 0.0000e+00
  -7.0000e+02 -5.0000e+02 0.0000e+00
  -6.0000e+02 -5.0000e+02 0.0000e+00
  -5.0000e+02 -5.0000e+02 0.0000e+00
  -4.0000e+02 -5.0000e+02 0.0000e+00
  -3.0000e+02 -5.0000e+02 0.0000e+00
  -2.0000e+02 -5.0000e+02 0.0000e+00
  -1.0000e+02 -5.0000e+02 0.0000e+00
  0.0000e+00 -5.0000e+02 0.0000e+00
  1.0000e+02 -5.0000e+02 0.0000e+00
  2.0000e+02 -5.0000e+02 0.0000e+00
  3.0000e+02 -5.0000e+02 0.0000e+00
  4.0000e+02 -5.0000e+02 0.0000e+00
  5.0000e+02 -5.0000e+02 0.0000e+00
  6.0000e+02 -5.0000e+02 0.0000e+00
  7.0000e+02 -5.0000e+02 0.0000e+00
  8.0000e+02 -5.0000e+02 0.0000e+00
  9.0000e+02 -5.0000e+02 0.0000e+00
  1.0000e+03 -5.0000e+02 0.0000e+00
  -1.0000e+03 -4.0000e+02 0.0000e+00
  -9.0000e+02 -4.0000e+02 0.0000e+00
  -8.0000e+02 -4.0000e+02 0.0000e+00
  -7.0000e+02 -4.0000e+02 0.0000e+00
  -6.0000e+02 -4.0000e+02 0.0000e+00
  -5.0000e+02 -4.0000e+02 0.0000e+00
  -4.0000e+02 -4.0000e+02 0.0000e+00
  -3.0000e+02 -4.0000e+02 0.0000e+00
  -2.0000e+02 -4.0000e+02 0.0000e+00
  -1.0000e+02 -4.0000e+02 0.0000e+00
  0.0000e+00 -4.0000e+02 0.0000e+00
  1.0000e+02 -4.0000e+02 0.0000e+00
  2.0000e+02 -4.0000e+02 0.0000e+00
  3.0000e+02 -4.0000e+02 0.0000e+00
  4.0000e+02 -4.0000e+02 0.0000e+00
  5.0000e+02 -4.0000e+02 0.0000e+00
  6.0000e+02 -4.0000e+02 0.0000e+00
  7.0000e+02 -4.0000e+02 0.0000e+00
  8.0000e+02 -4.0000e+02 0.0000e+00
  9.0000e+02 -4.0000e+02 0.0000e+00
  1.0000e+03 -4.0000e+02 0.0000e+00
  -1.0000e+03 -3.0000e+02 0.0000e+00
  -9.0000e+02 -3.0000e+02 0.0000e+00
  -8.0000e+02 -3.0000e+02 0.0000e+00
  -7.0000e+02 -3.0000e+02 0.0000e+00
  -6.0000e+02 -3.0000e+02 0.0000e+00
  -5.0000e+02 -3.0000e+02 0.0000e+00
  -4.0000e+02 -3.0000e+02 0.0000e+00
  -3.0000e+02 -3.0000e+02 0.0000e+00
  -2.0000e+02 -3.0000e+02 0.0000e+00
  -1.0000e+02 -3.0000e+02 0.0000e+00
  0.0000e+00 -3.0000e+02 0.0000e+00
  1.0000e+02 -3.0000e+02 0.0000e+00
  2.0000e+02 -3.0000e+02 0.0000e+00
  3.0000e+02 -3.0000e+02 0.0000e+00
  4.0000e+02 -3.0000e+02 0.0000e+00
  5.0000e+02 -3.0000e+02 0.0000e+00
  6.0000e+02 -3.0000e+02 0.0000e+00
  7.0000e+02 -3.0000e+02 0.0000e+00
  8.0000e+02 -3.0000e+02 0.0000e+00
  9.0000e+02 -3.0000e+02 0.0000e+00
  1.0000e+03 -3.0000e+02 0.0000e+00
  -1.0000e+03 -2.0000e+02 0.0000e+00
  -9.0000e+02 -2.0000e+02 0.0000e+00
  -8.0000e+02 -2.0000e+02 0.0000e+00
  -7.0000e+02 -2.0000e+02 0.0000e+00
  -6.0000e+02 -2.0000e+02 0.0000e+00
  -5.0000e+02 -2.0000e+02 0.0000e+00
  -4.0000e+02 -2.0000e+02 0.0000e+00
  -3.0000e+02 -2.0000e+02 0.0000e+00
  -2.0000e+02 -2.0000e+02 0.0000e+00
  -1.0000e+02 -2.0000e+02 0.0000e+00
  0.0000e+00 -2.0000e+02 0.0000e+00
  1.0000e+02 -2.0000e+02 0.0000e+00
  2.0000e+02 -2.0000e+02 0.0000e+00
  3.0000e+02 -2.0000e+02 0.0000e+00
  4.0000e+02 -2.0000e+02 0.0000e+00
  5.0000e+02 -2.0000e+02 0.0000e+00
  6.0000e+02 -2.0000e+02 0.0000e+00
  7.0000e+02 -2.0000e+02 0.0000e+00
  8.0000e+02 -2.0000e+02 0.0000e+00
  9.0000e+02 -2.0000e+02 0.0000e+00
  1.0000e+03 -2.0000e+02 0.0000e+00
  -1.0000e+03 -1.0000e+02 0.0000e+00
  -9.0000e+02 -1.0000e+02 0.0000e+00
  -8.0000e+02 -1.0000e+02 0.0000e+00
  -7.0000e+02 -1.0000e+02 0.0000e+00
  -6.0000e+02 -1.0000e+02 0.0000e+00
  -5.0000e+02 -1.0000e+02 0.0000e+00
  -4.0000e+02 -1.0000e+02 0.0000e+00
  -3.0000e+02 -1.0000e+02 0.0000e+00
  -2.0000e+02 -1.0000e+02 0.0000e+00
  -1.0000e+02 -1.0000e+02 0.0000e+00
  0.0000e+00 -1.0000e+02 0.0000e+00
  1.0000e+02 -1.0000e+02 0.0000e+00
  2.0000e+02 -1.0000e+02 0.0000e+00
  3.0000e+02 -1.0000e+02 0.0000e+00
  4.0000e+02 -1.0000e+02 0.0000e+00
  5.0000e+02 -1.0000e+02 0.0000e+00
  6.0000e+02 -1.0000e+02 0.0000e+00
  7.0000e+02 -1.0000e+02 0.0000e+00
  8.0000e+02 -1.0000e+02 0.0000e+00
  9.0000e+02 -1.0000e+02 0.0000e+00
  1.0000e+03 -1.0000e+02 0.0000e+00
  -1.0000e+03 0.0000e+00 0.0000e+00
  -9.0000e+02 0.0000e+00 0.0000e+00
  -8.0000e+02 0.0000e+00 0.0000e+00
  -7.0000e+02 0.0000e+00 0.0000e+00
  -6.0000e+02 0.0000e+00 0.0000e+00
  -5.0000e+02 0.0000e+00 0.0000e+00
  -4.0000e+02 0.0000e+00 0.0000e+00
  -3.0000e+02 0.0000e+00 0.0000e+00
  -2.0000e+02 0.0000e+00 0.0000e+00
  -1.0000e+02 0.0000e+00 0.0000e+00
  0.0000e+00 0.0000e+00 0.0000e+00
  1.0000e+02 0.0000e+00 0.0000e+00
  2.0000e+02 0.0000e+00 0.0000e+00
  3.0000e+02 0.0000e+00 0.0000e+00
  4.0000e+02 0.0000e+00 0.0000e+00
  5.0000e+02 0.0000e+00 0.0000e+00
  6.0000e+02 0.0000e+00 0.0000e+00
  7.0000e+02 0.0000e+00 0.0000e+00
  8.0000e+02 0.0000e+00 0.0000e+00
  9.0000e+02 0.0000e+00 0.0000e+00
  1.0000e+03 0.0000e+00 0.0000e+00
  -1.0000e+03 1.0000e+02 0.0000e+00
  -9.0000e+02 1.0000e+02 0.0000e+00
  -8.0000e+02 1.0000e+02 0.0000e+00
  -7.0000e+02 1.0000e+02 0.0000e+00
  -6.0000e+02 1.0000e+02 0.0000e+00
  -5.0000e+02 1.0000e+02 0.0000e+00
  -4.0000e+02 1.0000e+02 0.0000e+00
  -3.0000e+02 1.0000e+02 0.0000e+00
  -2.0000e+02 1.0000e+02 0.0000e+00
  -1.0000e+02 1.0000e+02 0.0000e+00
  0.0000e+00 1.0000e+02 0.0000e+00
  1.0000e+02 1.0000e+02 0.0000e+00
  2.0000e+02 1.0000e+02 0.0000e+00
  3.0000e+02 1.0000e+02 0.0000e+00
  4.0000e+02 1.0000e+02 0.0000e+00
  5.0000e+02 1.0000e+02 0.0000e+00
  6.0000e+02 1.0000e+02 0.0000e+00
  7.0000e+02 1.0000e+02 0.0000e+00
  8.0000e+02 1.0000e+02 0.0000e+00
  9.0000e+02 1.0000e+02 0.0000e+00
  1.0000e+03 1.0000e+02 0.0000e+00
  -1.0000e+03 2.0000e+02 0.0000e+00
  -9.0000e+02 2.0000e+02 0.0000e+00
  -8.0000e+02 2.0000e+02 0.0000e+00
  -7.0000e+02 2.0000e+02 0.0000e+00
  -6.0000e+02 2.0000e+02 0.0000e+00
  -5.0000e+02 2.0000e+02 0.0000e+00
  -4.0000e+02 2.0000e+02 0.0000e+00
  -3.0000e+02 2.0000e+02 0.0000e+00
  -2.0000e+02 2.0000e+02 0.0000e+00
  -1.0000e+02 2.0000e+02 0.0000e+00
  0.0000e+00 2.0000e+02 0.0000e+00
  1.0000e+02 2.0000e+02 0.0000e+00
  2.0000e+02 2.0000e+02 0.0000e+00
  3.0000e+02 2.0000e+02 0.0000e+00
  4.0000e+02 2.0000e+02 0.0000e+00
  5.0000e+02 2.0000e+02 0.0000e+00
  6.0000e+02 2.0000e+02 0.0000e+00
  7.0000e+02 2.0000e+02 0.0000e+00
  8.0000e+02 2.0000e+02 0.0000e+00
  9.0000e+02 2.0000e+02 0.0000e+00
  1.0000e+03 2.0000e+02 0.0000e+00
  -1.0000e+03 3.0000e+02 0.0000e+00
  -9.0000e+02 3.0000e+02 0.0000e+00
  -8.0000e+02 3.0000e+02 0.0000e+00
  -7.0000e+02 3.0000e+02 0.0000e+00
  -6.0000e+02 3.0000e+02 0.0000e+00
  -5.0000e+02 3.0000e+02 0.0000e+00
  -4.0000e+02 3.0000e+02 0.0000e+00
  -3.0000e+02 3.0000e+02 0.0000e+00
  -2.0000e+02 3.0000e+02 0.0000e+00
  -1.0000e+02 3.0000e+02 0.0000e+00
  0.0000e+00 3.0000e+02 0.0000e+00
  1.0000e+02 3.0000e+02 0.0000e+00
  2.0000e+02 3.0000e+02 0.0000e+00
  3.0000e+02 3.0000e+02 0.0000e+00
  4.0000e+02 3.0000e+02 0.0000e+00
  5.0000e+02 3.0000e+02 0.0000e+00
  6.0000e+02 3.0000e+02 0.0000e+00
  7.0000e+02 3.0000e+02 0.0000e+00
  8.0000e+02 3.0000e+02 0.0000e+00
  9.0000e+02 3.0000e+02 0.0000e+00
  1.0000e+03 3.0000e+02 0.0000e+00
  -1.0000e+03 4.0000e+02 0.0000e+00
  -9.0000e+02 4.0000e+02 0.0000e+00
  -8.0000e+02 4.0000e+02 0.0000e+00
  -7.0000e+02 4.0000e+02 0.0000e+00
  -6.0000e+02 4.0000e+02 0.0000e+00
  -5.0000e+02 4.0000e+02 0.0000e+00
  -4.0000e+02 4.0000e+02 0.0000e+00
  -3.0000e+02 4.0000e+02 0.0000e+00
  -2.0000e+02 4.0000e+02 0.0000e+00
  -1.0000e+02 4.0000e+02 0.0000e+00
  0.0000e+00 4.0000e+02 0.0000e+00
  1.0000e+02 4.0000e+02 0.0000e+00
  2.0000e+02 4.0000e+02 0.0000e+00
  3.0000e+02 4.0000e+02 0.0000e+00
  4.0000e+02 4.0000e+02 0.0000e+00
  5.0000e+02 4.0000e+02 0.0000e+00
  6.0000e+02 4.0000e+02 0.0000e+00
  7.0000e+02 4.0000e+02 0.0000e+00
  8.0000e+02 4.0000e+02 0.0000e+00
  9.0000e+02 4.0000e+02 0.0000e+00
  1.0000e+03 4.0000e+02 0.0000e+00
  -1.0000e+03 5.0000e+02 0.0000e+00
  -9.0000e+02 5.0000e+02 0.0000e+00
  -8.0000e+02 5.0000e+02 0.0000e+00
  -7.0000e+02 5.0000e+02 0.0000e+00
  -6.0000e+02 5.0000e+02 0.0000e+00
  -5.0000e+02 5.0000e+02 0.0000e+00
  -4.0000e+02 5.0000e+02 0.0000e+00
  -3.0000e+02 5.0000e+02 0.0000e+00
  -2.0000e+02 5.0000e+02 0.0000e+00
  -1.0000e+02 5.0000e+02 0.0000e+00
  0.0000e+00 5.0000e+02 0.0000e+00
  1.0000e+02 5.0000e+02 0.0000e+00
  2.0000e+02 5.0000e+02 0.0000e+00
  3.0000e+02 5.0000e+02 0.0000e+00
  4.0000e+02 5.0000e+02 0.0000e+00
  5.0000e+02 5.0000e+02 0.0000e+00
  6.0000e+02 5.0000e+02 0.0000e+00
  7.0000e+02 5.0000e+02 0.0000e+00
  8.0000e+02 5.0000e+02 0.0000e+00
  9.0000e+02 5.0000e+02 0.0000e+00
  1.0000e+03 5.0000e+02 0.0000e+00
  -1.0000e+03 6.0000e+02 0.0000e+00
  -9.0000e+02 6.0000e+02 0.0000e+00
  -8.0000e+02 6.0000e+02 0.0000e+00
  -7.0000e+02 6.0000e+02 0.0000e+00
  -6.0000e+02 6.0000e+02 0.0000e+00
  -5.0000e+02 6.0000e+02 0.0000e+00
  -4.0000e+02 6.0000e+02 0.0000e+00
  -3.0000e+02 6.0000e+02 0.0000e+00
  -2.0000e+02 6.0000e+02 0.0000e+00
  -1.0000e+02 6.0000e+02 0.0000e+00
  0.0000e+00 6.0000e+02 0.0000e+00
  1.0000e+02 6.0000e+02 0.0000e+00
  2.0000e+02 6.0000e+02 0.0000e+00
  3.0000e+02 6.0000e+02 0.0000e+00
  4.0000e+02 6.0000e+02 0.0000e+00
  5.0000e+02 6.0000e+02 0.0000e+00
  6.0000e+02 6.0000e+02 0.0000e+00
  7.0000e+02 6.0000e+02 0.0000e+00
  8.0000e+02 6.0000e+02 0.0000e+00
  9.0000e+02 6.0000e+02 0.0000e+00
  1.0000e+03 6.0000e+02 0.0000e+00
  -1.0000e+03 7.0000e+02 0.0000e+00
  -9.0000e+02 7.0000e+02 0.0000e+00
  -8.0000e+02 7.0000e+02 0.0000e+00
  -7.0000e+02 7.0000e+02 0.0000e+00
  -6.0000e+02 7.0000e+02 0.0000e+00
  -5.0000e+02 7.0000e+02 0.0000e+00
  -4.0000e+02 7.0000e+02 0.0000e+00
  -3.0000e+02 7.0000e+02 0.0000e+00
  -2.0000e+02 7.0000e+02 0.0000e+00
  -1.0000e+02 7.0000e+02 0.0000e+00
  0.0000e+00 7.0000e+02 0.0000e+00
  1.0000e+02 7.0000e+02 0.0000e+00
  2.0000e+02 7.0000e+02 0.0000e+00
  3.0000e+02 7.0000e+02 0.0000e+00
  4.0000e+02 7.0000e+02 0.0000e+00
  5.0000e+02 7.0000e+02 0.0000e+00
  6.0000e+02 7.0000e+02 0.0000e+00
  7.0000e+02 7.0000e+02 0.0000e+00
  8.0000e+02 7.0000e+02 0.0000e+00
  9.0000e+02 7.0000e+02 0.0000e+00
  1.0000e+03 7.0000e+02 0.0000e+00
  -1.0000e+03 8.0000e+02 0.0000e+00
  -9.0000e+02 8.0000e+02 0.0000e+00
  -8.0000e+02 8.0000e+02 0.0000e+00
  -7.0000e+02 8.0000e+02 0.0000e+00
  -6.0000e+02 8.0000e+02 0.0000e+00
  -5.0000e+02 8.0000e+02 0.0000e+00
  -4.0000e+02 8.0000e+02 0.0000e+00
  -3.0000e+02 8.0000e+02 0.0000e+00
  -2.0000e+02 8.0000e+02 0.0000e+00
  -1.0000e+02 8.0000e+02 0.0000e+00
  0.0000e+00 8.0000e+02 0.0000e+00
  1.0000e+02 8.0000e+02 0.0000e+00
  2.0000e+02 8.0000e+02 0.0000e+00
  3.0000e+02 8.0000e+02 0.0000e+00
  4.0000e+02 8.0000e+02 0.0000e+00
  5.0000e+02 8.0000e+02 0.0000e+00
  6.0000e+02 8.0000e+02 0.0000e+00
  7.0000e+02 8.0000e+02 0.0000e+00
  8.0000e+02 8.0000e+02 0.0000e+00
  9.0000e+02 8.0000e+02 0.0000e+00
  1.0000e+03 8.0000e+02 0.0000e+00
  -1.0000e+03 9.0000e+02 0.0000e+00
  -9.0000e+02 9.0000e+02 0.0000e+00
  -8.0000e+02 9.0000e+02 0.0000e+00
  -7.0000e+02 9.0000e+02 0.0000e+00
  -6.0000e+02 9.0000e+02 0.0000e+00
  -5.0000e+02 9.0000e+02 0.0000e+00
  -4.0000e+02 9.0000e+02 0.0000e+00
  -3.0000e+02 9.0000e+02 0.0000e+00
  -2.0000e+02 9.0000e+02 0.0000e+00
  -1.0000e+02 9.0000e+02 0.0000e+00
  0.0000e+00 9.0000e+02 0.0000e+00
  1.0000e+02 9.0000e+02 0.0000e+00
  2.0000e+02 9.0000e+02 0.0000e+00
  3.0000e+02 9.0000e+02 0.0000e+00
  4.0000e+02 9.0000e+02 0.0000e+00
  5.0000e+02 9.0000e+02 0.0000e+00
  6.0000e+02 9.0000e+02 0.0000e+00
  7.0000e+02 9.0000e+02 0.0000e+00
  8.0000e+02 9.0000e+02 0.0000e+00
  9.0000e+02 9.0000e+02 0.0000e+00
  1.0000e+03 9.0000e+02 0.0000e+00
  -1.0000e+03 1.0000e+03 0.0000e+00
  -9.0000e+02 1.0000e+03 0.0000e+00
  -8.0000e+02 1.0000e+03 0.0000e+00
  -7.0000e+02 1.0000e+03 0.0000e+00
  -6.0000e+02 1.0000e+03 0.0000e+00
  -5.0000e+02 1.0000e+03 0.0000e+00
  -4.0000e+02 1.0000e+03 0.0000e+00
  -3.0000e+02 1.0000e+03 0.0000e+00
  -2.0000e+02 1.0000e+03 0.0000e+00
  -1.0000e+02 1.0000e+03 0.0000e+00
  0.0000e+00 1.0000e+03 0.0000e+00
  1.0000e+02 1.0000e+03 0.0000e+00
  2.0000e+02 1.0000e+03 0.0000e+00
  3.0000e+02 1.0000e+03 0.0000e+00
  4.0000e+02 1.0000e+03 0.0000e+00
  5.0000e+02 1.0000e+03 0.0000e+00
  6.0000e+02 1.0000e+03 0.0000e+00
  7.0000e+02 1.0000e+03 0.0000e+00
  8.0000e+02 1.0000e+03 0.0000e+00
  9.0000e+02 1.0000e+03 0.0000e+00
  1.0000e+03 1.0000e+03 0.0000e+00


