1 5 1
  -1.010000e+03 -1.010000e+03 1.000000e+02
  -9.900000e+02 -1.010000e+03 1.000000e+02
  -9.900000e+02 -9.900000e+02 1.000000e+02
  -1.010000e+03 -9.900000e+02 1.000000e+02
  -1.010000e+03 -1.010000e+03 1.000000e+02


2 5 1
  -9.100000e+02 -1.010000e+03 1.000000e+02
  -8.900000e+02 -1.010000e+03 1.000000e+02
  -8.900000e+02 -9.900000e+02 1.000000e+02
  -9.100000e+02 -9.900000e+02 1.000000e+02
  -9.100000e+02 -1.010000e+03 1.000000e+02


3 5 1
  -8.100000e+02 -1.010000e+03 1.000000e+02
  -7.900000e+02 -1.010000e+03 1.000000e+02
  -7.900000e+02 -9.900000e+02 1.000000e+02
  -8.100000e+02 -9.900000e+02 1.000000e+02
  -8.100000e+02 -1.010000e+03 1.000000e+02


4 5 1
  -7.100000e+02 -1.010000e+03 1.000000e+02
  -6.900000e+02 -1.010000e+03 1.000000e+02
  -6.900000e+02 -9.900000e+02 1.000000e+02
  -7.100000e+02 -9.900000e+02 1.000000e+02
  -7.100000e+02 -1.010000e+03 1.000000e+02


5 5 1
  -6.100000e+02 -1.010000e+03 1.000000e+02
  -5.900000e+02 -1.010000e+03 1.000000e+02
  -5.900000e+02 -9.900000e+02 1.000000e+02
  -6.100000e+02 -9.900000e+02 1.000000e+02
  -6.100000e+02 -1.010000e+03 1.000000e+02


6 5 1
  -5.100000e+02 -1.010000e+03 1.000000e+02
  -4.900000e+02 -1.010000e+03 1.000000e+02
  -4.900000e+02 -9.900000e+02 1.000000e+02
  -5.100000e+02 -9.900000e+02 1.000000e+02
  -5.100000e+02 -1.010000e+03 1.000000e+02


7 5 1
  -4.100000e+02 -1.010000e+03 1.000000e+02
  -3.900000e+02 -1.010000e+03 1.000000e+02
  -3.900000e+02 -9.900000e+02 1.000000e+02
  -4.100000e+02 -9.900000e+02 1.000000e+02
  -4.100000e+02 -1.010000e+03 1.000000e+02


8 5 1
  -3.100000e+02 -1.010000e+03 1.000000e+02
  -2.900000e+02 -1.010000e+03 1.000000e+02
  -2.900000e+02 -9.900000e+02 1.000000e+02
  -3.100000e+02 -9.900000e+02 1.000000e+02
  -3.100000e+02 -1.010000e+03 1.000000e+02


9 5 1
  -2.100000e+02 -1.010000e+03 1.000000e+02
  -1.900000e+02 -1.010000e+03 1.000000e+02
  -1.900000e+02 -9.900000e+02 1.000000e+02
  -2.100000e+02 -9.900000e+02 1.000000e+02
  -2.100000e+02 -1.010000e+03 1.000000e+02


10 5 1
  -1.100000e+02 -1.010000e+03 1.000000e+02
  -9.000000e+01 -1.010000e+03 1.000000e+02
  -9.000000e+01 -9.900000e+02 1.000000e+02
  -1.100000e+02 -9.900000e+02 1.000000e+02
  -1.100000e+02 -1.010000e+03 1.000000e+02


11 5 1
  -1.000000e+01 -1.010000e+03 1.000000e+02
  1.000000e+01 -1.010000e+03 1.000000e+02
  1.000000e+01 -9.900000e+02 1.000000e+02
  -1.000000e+01 -9.900000e+02 1.000000e+02
  -1.000000e+01 -1.010000e+03 1.000000e+02


12 5 1
  9.000000e+01 -1.010000e+03 1.000000e+02
  1.100000e+02 -1.010000e+03 1.000000e+02
  1.100000e+02 -9.900000e+02 1.000000e+02
  9.000000e+01 -9.900000e+02 1.000000e+02
  9.000000e+01 -1.010000e+03 1.000000e+02


13 5 1
  1.900000e+02 -1.010000e+03 1.000000e+02
  2.100000e+02 -1.010000e+03 1.000000e+02
  2.100000e+02 -9.900000e+02 1.000000e+02
  1.900000e+02 -9.900000e+02 1.000000e+02
  1.900000e+02 -1.010000e+03 1.000000e+02


14 5 1
  2.900000e+02 -1.010000e+03 1.000000e+02
  3.100000e+02 -1.010000e+03 1.000000e+02
  3.100000e+02 -9.900000e+02 1.000000e+02
  2.900000e+02 -9.900000e+02 1.000000e+02
  2.900000e+02 -1.010000e+03 1.000000e+02


15 5 1
  3.900000e+02 -1.010000e+03 1.000000e+02
  4.100000e+02 -1.010000e+03 1.000000e+02
  4.100000e+02 -9.900000e+02 1.000000e+02
  3.900000e+02 -9.900000e+02 1.000000e+02
  3.900000e+02 -1.010000e+03 1.000000e+02


16 5 1
  4.900000e+02 -1.010000e+03 1.000000e+02
  5.100000e+02 -1.010000e+03 1.000000e+02
  5.100000e+02 -9.900000e+02 1.000000e+02
  4.900000e+02 -9.900000e+02 1.000000e+02
  4.900000e+02 -1.010000e+03 1.000000e+02


17 5 1
  5.900000e+02 -1.010000e+03 1.000000e+02
  6.100000e+02 -1.010000e+03 1.000000e+02
  6.100000e+02 -9.900000e+02 1.000000e+02
  5.900000e+02 -9.900000e+02 1.000000e+02
  5.900000e+02 -1.010000e+03 1.000000e+02


18 5 1
  6.900000e+02 -1.010000e+03 1.000000e+02
  7.100000e+02 -1.010000e+03 1.000000e+02
  7.100000e+02 -9.900000e+02 1.000000e+02
  6.900000e+02 -9.900000e+02 1.000000e+02
  6.900000e+02 -1.010000e+03 1.000000e+02


19 5 1
  7.900000e+02 -1.010000e+03 1.000000e+02
  8.100000e+02 -1.010000e+03 1.000000e+02
  8.100000e+02 -9.900000e+02 1.000000e+02
  7.900000e+02 -9.900000e+02 1.000000e+02
  7.900000e+02 -1.010000e+03 1.000000e+02


20 5 1
  8.900000e+02 -1.010000e+03 1.000000e+02
  9.100000e+02 -1.010000e+03 1.000000e+02
  9.100000e+02 -9.900000e+02 1.000000e+02
  8.900000e+02 -9.900000e+02 1.000000e+02
  8.900000e+02 -1.010000e+03 1.000000e+02


21 5 1
  9.900000e+02 -1.010000e+03 1.000000e+02
  1.010000e+03 -1.010000e+03 1.000000e+02
  1.010000e+03 -9.900000e+02 1.000000e+02
  9.900000e+02 -9.900000e+02 1.000000e+02
  9.900000e+02 -1.010000e+03 1.000000e+02


22 5 1
  -1.010000e+03 -9.100000e+02 1.000000e+02
  -9.900000e+02 -9.100000e+02 1.000000e+02
  -9.900000e+02 -8.900000e+02 1.000000e+02
  -1.010000e+03 -8.900000e+02 1.000000e+02
  -1.010000e+03 -9.100000e+02 1.000000e+02


23 5 1
  -9.100000e+02 -9.100000e+02 1.000000e+02
  -8.900000e+02 -9.100000e+02 1.000000e+02
  -8.900000e+02 -8.900000e+02 1.000000e+02
  -9.100000e+02 -8.900000e+02 1.000000e+02
  -9.100000e+02 -9.100000e+02 1.000000e+02


24 5 1
  -8.100000e+02 -9.100000e+02 1.000000e+02
  -7.900000e+02 -9.100000e+02 1.000000e+02
  -7.900000e+02 -8.900000e+02 1.000000e+02
  -8.100000e+02 -8.900000e+02 1.000000e+02
  -8.100000e+02 -9.100000e+02 1.000000e+02


25 5 1
  -7.100000e+02 -9.100000e+02 1.000000e+02
  -6.900000e+02 -9.100000e+02 1.000000e+02
  -6.900000e+02 -8.900000e+02 1.000000e+02
  -7.100000e+02 -8.900000e+02 1.000000e+02
  -7.100000e+02 -9.100000e+02 1.000000e+02


26 5 1
  -6.100000e+02 -9.100000e+02 1.000000e+02
  -5.900000e+02 -9.100000e+02 1.000000e+02
  -5.900000e+02 -8.900000e+02 1.000000e+02
  -6.100000e+02 -8.900000e+02 1.000000e+02
  -6.100000e+02 -9.100000e+02 1.000000e+02


27 5 1
  -5.100000e+02 -9.100000e+02 1.000000e+02
  -4.900000e+02 -9.100000e+02 1.000000e+02
  -4.900000e+02 -8.900000e+02 1.000000e+02
  -5.100000e+02 -8.900000e+02 1.000000e+02
  -5.100000e+02 -9.100000e+02 1.000000e+02


28 5 1
  -4.100000e+02 -9.100000e+02 1.000000e+02
  -3.900000e+02 -9.100000e+02 1.000000e+02
  -3.900000e+02 -8.900000e+02 1.000000e+02
  -4.100000e+02 -8.900000e+02 1.000000e+02
  -4.100000e+02 -9.100000e+02 1.000000e+02


29 5 1
  -3.100000e+02 -9.100000e+02 1.000000e+02
  -2.900000e+02 -9.100000e+02 1.000000e+02
  -2.900000e+02 -8.900000e+02 1.000000e+02
  -3.100000e+02 -8.900000e+02 1.000000e+02
  -3.100000e+02 -9.100000e+02 1.000000e+02


30 5 1
  -2.100000e+02 -9.100000e+02 1.000000e+02
  -1.900000e+02 -9.100000e+02 1.000000e+02
  -1.900000e+02 -8.900000e+02 1.000000e+02
  -2.100000e+02 -8.900000e+02 1.000000e+02
  -2.100000e+02 -9.100000e+02 1.000000e+02


31 5 1
  -1.100000e+02 -9.100000e+02 1.000000e+02
  -9.000000e+01 -9.100000e+02 1.000000e+02
  -9.000000e+01 -8.900000e+02 1.000000e+02
  -1.100000e+02 -8.900000e+02 1.000000e+02
  -1.100000e+02 -9.100000e+02 1.000000e+02


32 5 1
  -1.000000e+01 -9.100000e+02 1.000000e+02
  1.000000e+01 -9.100000e+02 1.000000e+02
  1.000000e+01 -8.900000e+02 1.000000e+02
  -1.000000e+01 -8.900000e+02 1.000000e+02
  -1.000000e+01 -9.100000e+02 1.000000e+02


33 5 1
  9.000000e+01 -9.100000e+02 1.000000e+02
  1.100000e+02 -9.100000e+02 1.000000e+02
  1.100000e+02 -8.900000e+02 1.000000e+02
  9.000000e+01 -8.900000e+02 1.000000e+02
  9.000000e+01 -9.100000e+02 1.000000e+02


34 5 1
  1.900000e+02 -9.100000e+02 1.000000e+02
  2.100000e+02 -9.100000e+02 1.000000e+02
  2.100000e+02 -8.900000e+02 1.000000e+02
  1.900000e+02 -8.900000e+02 1.000000e+02
  1.900000e+02 -9.100000e+02 1.000000e+02


35 5 1
  2.900000e+02 -9.100000e+02 1.000000e+02
  3.100000e+02 -9.100000e+02 1.000000e+02
  3.100000e+02 -8.900000e+02 1.000000e+02
  2.900000e+02 -8.900000e+02 1.000000e+02
  2.900000e+02 -9.100000e+02 1.000000e+02


36 5 1
  3.900000e+02 -9.100000e+02 1.000000e+02
  4.100000e+02 -9.100000e+02 1.000000e+02
  4.100000e+02 -8.900000e+02 1.000000e+02
  3.900000e+02 -8.900000e+02 1.000000e+02
  3.900000e+02 -9.100000e+02 1.000000e+02


37 5 1
  4.900000e+02 -9.100000e+02 1.000000e+02
  5.100000e+02 -9.100000e+02 1.000000e+02
  5.100000e+02 -8.900000e+02 1.000000e+02
  4.900000e+02 -8.900000e+02 1.000000e+02
  4.900000e+02 -9.100000e+02 1.000000e+02


38 5 1
  5.900000e+02 -9.100000e+02 1.000000e+02
  6.100000e+02 -9.100000e+02 1.000000e+02
  6.100000e+02 -8.900000e+02 1.000000e+02
  5.900000e+02 -8.900000e+02 1.000000e+02
  5.900000e+02 -9.100000e+02 1.000000e+02


39 5 1
  6.900000e+02 -9.100000e+02 1.000000e+02
  7.100000e+02 -9.100000e+02 1.000000e+02
  7.100000e+02 -8.900000e+02 1.000000e+02
  6.900000e+02 -8.900000e+02 1.000000e+02
  6.900000e+02 -9.100000e+02 1.000000e+02


40 5 1
  7.900000e+02 -9.100000e+02 1.000000e+02
  8.100000e+02 -9.100000e+02 1.000000e+02
  8.100000e+02 -8.900000e+02 1.000000e+02
  7.900000e+02 -8.900000e+02 1.000000e+02
  7.900000e+02 -9.100000e+02 1.000000e+02


41 5 1
  8.900000e+02 -9.100000e+02 1.000000e+02
  9.100000e+02 -9.100000e+02 1.000000e+02
  9.100000e+02 -8.900000e+02 1.000000e+02
  8.900000e+02 -8.900000e+02 1.000000e+02
  8.900000e+02 -9.100000e+02 1.000000e+02


42 5 1
  9.900000e+02 -9.100000e+02 1.000000e+02
  1.010000e+03 -9.100000e+02 1.000000e+02
  1.010000e+03 -8.900000e+02 1.000000e+02
  9.900000e+02 -8.900000e+02 1.000000e+02
  9.900000e+02 -9.100000e+02 1.000000e+02


43 5 1
  -1.010000e+03 -8.100000e+02 1.000000e+02
  -9.900000e+02 -8.100000e+02 1.000000e+02
  -9.900000e+02 -7.900000e+02 1.000000e+02
  -1.010000e+03 -7.900000e+02 1.000000e+02
  -1.010000e+03 -8.100000e+02 1.000000e+02


44 5 1
  -9.100000e+02 -8.100000e+02 1.000000e+02
  -8.900000e+02 -8.100000e+02 1.000000e+02
  -8.900000e+02 -7.900000e+02 1.000000e+02
  -9.100000e+02 -7.900000e+02 1.000000e+02
  -9.100000e+02 -8.100000e+02 1.000000e+02


45 5 1
  -8.100000e+02 -8.100000e+02 1.000000e+02
  -7.900000e+02 -8.100000e+02 1.000000e+02
  -7.900000e+02 -7.900000e+02 1.000000e+02
  -8.100000e+02 -7.900000e+02 1.000000e+02
  -8.100000e+02 -8.100000e+02 1.000000e+02


46 5 1
  -7.100000e+02 -8.100000e+02 1.000000e+02
  -6.900000e+02 -8.100000e+02 1.000000e+02
  -6.900000e+02 -7.900000e+02 1.000000e+02
  -7.100000e+02 -7.900000e+02 1.000000e+02
  -7.100000e+02 -8.100000e+02 1.000000e+02


47 5 1
  -6.100000e+02 -8.100000e+02 1.000000e+02
  -5.900000e+02 -8.100000e+02 1.000000e+02
  -5.900000e+02 -7.900000e+02 1.000000e+02
  -6.100000e+02 -7.900000e+02 1.000000e+02
  -6.100000e+02 -8.100000e+02 1.000000e+02


48 5 1
  -5.100000e+02 -8.100000e+02 1.000000e+02
  -4.900000e+02 -8.100000e+02 1.000000e+02
  -4.900000e+02 -7.900000e+02 1.000000e+02
  -5.100000e+02 -7.900000e+02 1.000000e+02
  -5.100000e+02 -8.100000e+02 1.000000e+02


49 5 1
  -4.100000e+02 -8.100000e+02 1.000000e+02
  -3.900000e+02 -8.100000e+02 1.000000e+02
  -3.900000e+02 -7.900000e+02 1.000000e+02
  -4.100000e+02 -7.900000e+02 1.000000e+02
  -4.100000e+02 -8.100000e+02 1.000000e+02


50 5 1
  -3.100000e+02 -8.100000e+02 1.000000e+02
  -2.900000e+02 -8.100000e+02 1.000000e+02
  -2.900000e+02 -7.900000e+02 1.000000e+02
  -3.100000e+02 -7.900000e+02 1.000000e+02
  -3.100000e+02 -8.100000e+02 1.000000e+02


51 5 1
  -2.100000e+02 -8.100000e+02 1.000000e+02
  -1.900000e+02 -8.100000e+02 1.000000e+02
  -1.900000e+02 -7.900000e+02 1.000000e+02
  -2.100000e+02 -7.900000e+02 1.000000e+02
  -2.100000e+02 -8.100000e+02 1.000000e+02


52 5 1
  -1.100000e+02 -8.100000e+02 1.000000e+02
  -9.000000e+01 -8.100000e+02 1.000000e+02
  -9.000000e+01 -7.900000e+02 1.000000e+02
  -1.100000e+02 -7.900000e+02 1.000000e+02
  -1.100000e+02 -8.100000e+02 1.000000e+02


53 5 1
  -1.000000e+01 -8.100000e+02 1.000000e+02
  1.000000e+01 -8.100000e+02 1.000000e+02
  1.000000e+01 -7.900000e+02 1.000000e+02
  -1.000000e+01 -7.900000e+02 1.000000e+02
  -1.000000e+01 -8.100000e+02 1.000000e+02


54 5 1
  9.000000e+01 -8.100000e+02 1.000000e+02
  1.100000e+02 -8.100000e+02 1.000000e+02
  1.100000e+02 -7.900000e+02 1.000000e+02
  9.000000e+01 -7.900000e+02 1.000000e+02
  9.000000e+01 -8.100000e+02 1.000000e+02


55 5 1
  1.900000e+02 -8.100000e+02 1.000000e+02
  2.100000e+02 -8.100000e+02 1.000000e+02
  2.100000e+02 -7.900000e+02 1.000000e+02
  1.900000e+02 -7.900000e+02 1.000000e+02
  1.900000e+02 -8.100000e+02 1.000000e+02


56 5 1
  2.900000e+02 -8.100000e+02 1.000000e+02
  3.100000e+02 -8.100000e+02 1.000000e+02
  3.100000e+02 -7.900000e+02 1.000000e+02
  2.900000e+02 -7.900000e+02 1.000000e+02
  2.900000e+02 -8.100000e+02 1.000000e+02


57 5 1
  3.900000e+02 -8.100000e+02 1.000000e+02
  4.100000e+02 -8.100000e+02 1.000000e+02
  4.100000e+02 -7.900000e+02 1.000000e+02
  3.900000e+02 -7.900000e+02 1.000000e+02
  3.900000e+02 -8.100000e+02 1.000000e+02


58 5 1
  4.900000e+02 -8.100000e+02 1.000000e+02
  5.100000e+02 -8.100000e+02 1.000000e+02
  5.100000e+02 -7.900000e+02 1.000000e+02
  4.900000e+02 -7.900000e+02 1.000000e+02
  4.900000e+02 -8.100000e+02 1.000000e+02


59 5 1
  5.900000e+02 -8.100000e+02 1.000000e+02
  6.100000e+02 -8.100000e+02 1.000000e+02
  6.100000e+02 -7.900000e+02 1.000000e+02
  5.900000e+02 -7.900000e+02 1.000000e+02
  5.900000e+02 -8.100000e+02 1.000000e+02


60 5 1
  6.900000e+02 -8.100000e+02 1.000000e+02
  7.100000e+02 -8.100000e+02 1.000000e+02
  7.100000e+02 -7.900000e+02 1.000000e+02
  6.900000e+02 -7.900000e+02 1.000000e+02
  6.900000e+02 -8.100000e+02 1.000000e+02


61 5 1
  7.900000e+02 -8.100000e+02 1.000000e+02
  8.100000e+02 -8.100000e+02 1.000000e+02
  8.100000e+02 -7.900000e+02 1.000000e+02
  7.900000e+02 -7.900000e+02 1.000000e+02
  7.900000e+02 -8.100000e+02 1.000000e+02


62 5 1
  8.900000e+02 -8.100000e+02 1.000000e+02
  9.100000e+02 -8.100000e+02 1.000000e+02
  9.100000e+02 -7.900000e+02 1.000000e+02
  8.900000e+02 -7.900000e+02 1.000000e+02
  8.900000e+02 -8.100000e+02 1.000000e+02


63 5 1
  9.900000e+02 -8.100000e+02 1.000000e+02
  1.010000e+03 -8.100000e+02 1.000000e+02
  1.010000e+03 -7.900000e+02 1.000000e+02
  9.900000e+02 -7.900000e+02 1.000000e+02
  9.900000e+02 -8.100000e+02 1.000000e+02


64 5 1
  -1.010000e+03 -7.100000e+02 1.000000e+02
  -9.900000e+02 -7.100000e+02 1.000000e+02
  -9.900000e+02 -6.900000e+02 1.000000e+02
  -1.010000e+03 -6.900000e+02 1.000000e+02
  -1.010000e+03 -7.100000e+02 1.000000e+02


65 5 1
  -9.100000e+02 -7.100000e+02 1.000000e+02
  -8.900000e+02 -7.100000e+02 1.000000e+02
  -8.900000e+02 -6.900000e+02 1.000000e+02
  -9.100000e+02 -6.900000e+02 1.000000e+02
  -9.100000e+02 -7.100000e+02 1.000000e+02


66 5 1
  -8.100000e+02 -7.100000e+02 1.000000e+02
  -7.900000e+02 -7.100000e+02 1.000000e+02
  -7.900000e+02 -6.900000e+02 1.000000e+02
  -8.100000e+02 -6.900000e+02 1.000000e+02
  -8.100000e+02 -7.100000e+02 1.000000e+02


67 5 1
  -7.100000e+02 -7.100000e+02 1.000000e+02
  -6.900000e+02 -7.100000e+02 1.000000e+02
  -6.900000e+02 -6.900000e+02 1.000000e+02
  -7.100000e+02 -6.900000e+02 1.000000e+02
  -7.100000e+02 -7.100000e+02 1.000000e+02


68 5 1
  -6.100000e+02 -7.100000e+02 1.000000e+02
  -5.900000e+02 -7.100000e+02 1.000000e+02
  -5.900000e+02 -6.900000e+02 1.000000e+02
  -6.100000e+02 -6.900000e+02 1.000000e+02
  -6.100000e+02 -7.100000e+02 1.000000e+02


69 5 1
  -5.100000e+02 -7.100000e+02 1.000000e+02
  -4.900000e+02 -7.100000e+02 1.000000e+02
  -4.900000e+02 -6.900000e+02 1.000000e+02
  -5.100000e+02 -6.900000e+02 1.000000e+02
  -5.100000e+02 -7.100000e+02 1.000000e+02


70 5 1
  -4.100000e+02 -7.100000e+02 1.000000e+02
  -3.900000e+02 -7.100000e+02 1.000000e+02
  -3.900000e+02 -6.900000e+02 1.000000e+02
  -4.100000e+02 -6.900000e+02 1.000000e+02
  -4.100000e+02 -7.100000e+02 1.000000e+02


71 5 1
  -3.100000e+02 -7.100000e+02 1.000000e+02
  -2.900000e+02 -7.100000e+02 1.000000e+02
  -2.900000e+02 -6.900000e+02 1.000000e+02
  -3.100000e+02 -6.900000e+02 1.000000e+02
  -3.100000e+02 -7.100000e+02 1.000000e+02


72 5 1
  -2.100000e+02 -7.100000e+02 1.000000e+02
  -1.900000e+02 -7.100000e+02 1.000000e+02
  -1.900000e+02 -6.900000e+02 1.000000e+02
  -2.100000e+02 -6.900000e+02 1.000000e+02
  -2.100000e+02 -7.100000e+02 1.000000e+02


73 5 1
  -1.100000e+02 -7.100000e+02 1.000000e+02
  -9.000000e+01 -7.100000e+02 1.000000e+02
  -9.000000e+01 -6.900000e+02 1.000000e+02
  -1.100000e+02 -6.900000e+02 1.000000e+02
  -1.100000e+02 -7.100000e+02 1.000000e+02


74 5 1
  -1.000000e+01 -7.100000e+02 1.000000e+02
  1.000000e+01 -7.100000e+02 1.000000e+02
  1.000000e+01 -6.900000e+02 1.000000e+02
  -1.000000e+01 -6.900000e+02 1.000000e+02
  -1.000000e+01 -7.100000e+02 1.000000e+02


75 5 1
  9.000000e+01 -7.100000e+02 1.000000e+02
  1.100000e+02 -7.100000e+02 1.000000e+02
  1.100000e+02 -6.900000e+02 1.000000e+02
  9.000000e+01 -6.900000e+02 1.000000e+02
  9.000000e+01 -7.100000e+02 1.000000e+02


76 5 1
  1.900000e+02 -7.100000e+02 1.000000e+02
  2.100000e+02 -7.100000e+02 1.000000e+02
  2.100000e+02 -6.900000e+02 1.000000e+02
  1.900000e+02 -6.900000e+02 1.000000e+02
  1.900000e+02 -7.100000e+02 1.000000e+02


77 5 1
  2.900000e+02 -7.100000e+02 1.000000e+02
  3.100000e+02 -7.100000e+02 1.000000e+02
  3.100000e+02 -6.900000e+02 1.000000e+02
  2.900000e+02 -6.900000e+02 1.000000e+02
  2.900000e+02 -7.100000e+02 1.000000e+02


78 5 1
  3.900000e+02 -7.100000e+02 1.000000e+02
  4.100000e+02 -7.100000e+02 1.000000e+02
  4.100000e+02 -6.900000e+02 1.000000e+02
  3.900000e+02 -6.900000e+02 1.000000e+02
  3.900000e+02 -7.100000e+02 1.000000e+02


79 5 1
  4.900000e+02 -7.100000e+02 1.000000e+02
  5.100000e+02 -7.100000e+02 1.000000e+02
  5.100000e+02 -6.900000e+02 1.000000e+02
  4.900000e+02 -6.900000e+02 1.000000e+02
  4.900000e+02 -7.100000e+02 1.000000e+02


80 5 1
  5.900000e+02 -7.100000e+02 1.000000e+02
  6.100000e+02 -7.100000e+02 1.000000e+02
  6.100000e+02 -6.900000e+02 1.000000e+02
  5.900000e+02 -6.900000e+02 1.000000e+02
  5.900000e+02 -7.100000e+02 1.000000e+02


81 5 1
  6.900000e+02 -7.100000e+02 1.000000e+02
  7.100000e+02 -7.100000e+02 1.000000e+02
  7.100000e+02 -6.900000e+02 1.000000e+02
  6.900000e+02 -6.900000e+02 1.000000e+02
  6.900000e+02 -7.100000e+02 1.000000e+02


82 5 1
  7.900000e+02 -7.100000e+02 1.000000e+02
  8.100000e+02 -7.100000e+02 1.000000e+02
  8.100000e+02 -6.900000e+02 1.000000e+02
  7.900000e+02 -6.900000e+02 1.000000e+02
  7.900000e+02 -7.100000e+02 1.000000e+02


83 5 1
  8.900000e+02 -7.100000e+02 1.000000e+02
  9.100000e+02 -7.100000e+02 1.000000e+02
  9.100000e+02 -6.900000e+02 1.000000e+02
  8.900000e+02 -6.900000e+02 1.000000e+02
  8.900000e+02 -7.100000e+02 1.000000e+02


84 5 1
  9.900000e+02 -7.100000e+02 1.000000e+02
  1.010000e+03 -7.100000e+02 1.000000e+02
  1.010000e+03 -6.900000e+02 1.000000e+02
  9.900000e+02 -6.900000e+02 1.000000e+02
  9.900000e+02 -7.100000e+02 1.000000e+02


85 5 1
  -1.010000e+03 -6.100000e+02 1.000000e+02
  -9.900000e+02 -6.100000e+02 1.000000e+02
  -9.900000e+02 -5.900000e+02 1.000000e+02
  -1.010000e+03 -5.900000e+02 1.000000e+02
  -1.010000e+03 -6.100000e+02 1.000000e+02


86 5 1
  -9.100000e+02 -6.100000e+02 1.000000e+02
  -8.900000e+02 -6.100000e+02 1.000000e+02
  -8.900000e+02 -5.900000e+02 1.000000e+02
  -9.100000e+02 -5.900000e+02 1.000000e+02
  -9.100000e+02 -6.100000e+02 1.000000e+02


87 5 1
  -8.100000e+02 -6.100000e+02 1.000000e+02
  -7.900000e+02 -6.100000e+02 1.000000e+02
  -7.900000e+02 -5.900000e+02 1.000000e+02
  -8.100000e+02 -5.900000e+02 1.000000e+02
  -8.100000e+02 -6.100000e+02 1.000000e+02


88 5 1
  -7.100000e+02 -6.100000e+02 1.000000e+02
  -6.900000e+02 -6.100000e+02 1.000000e+02
  -6.900000e+02 -5.900000e+02 1.000000e+02
  -7.100000e+02 -5.900000e+02 1.000000e+02
  -7.100000e+02 -6.100000e+02 1.000000e+02


89 5 1
  -6.100000e+02 -6.100000e+02 1.000000e+02
  -5.900000e+02 -6.100000e+02 1.000000e+02
  -5.900000e+02 -5.900000e+02 1.000000e+02
  -6.100000e+02 -5.900000e+02 1.000000e+02
  -6.100000e+02 -6.100000e+02 1.000000e+02


90 5 1
  -5.100000e+02 -6.100000e+02 1.000000e+02
  -4.900000e+02 -6.100000e+02 1.000000e+02
  -4.900000e+02 -5.900000e+02 1.000000e+02
  -5.100000e+02 -5.900000e+02 1.000000e+02
  -5.100000e+02 -6.100000e+02 1.000000e+02


91 5 1
  -4.100000e+02 -6.100000e+02 1.000000e+02
  -3.900000e+02 -6.100000e+02 1.000000e+02
  -3.900000e+02 -5.900000e+02 1.000000e+02
  -4.100000e+02 -5.900000e+02 1.000000e+02
  -4.100000e+02 -6.100000e+02 1.000000e+02


92 5 1
  -3.100000e+02 -6.100000e+02 1.000000e+02
  -2.900000e+02 -6.100000e+02 1.000000e+02
  -2.900000e+02 -5.900000e+02 1.000000e+02
  -3.100000e+02 -5.900000e+02 1.000000e+02
  -3.100000e+02 -6.100000e+02 1.000000e+02


93 5 1
  -2.100000e+02 -6.100000e+02 1.000000e+02
  -1.900000e+02 -6.100000e+02 1.000000e+02
  -1.900000e+02 -5.900000e+02 1.000000e+02
  -2.100000e+02 -5.900000e+02 1.000000e+02
  -2.100000e+02 -6.100000e+02 1.000000e+02


94 5 1
  -1.100000e+02 -6.100000e+02 1.000000e+02
  -9.000000e+01 -6.100000e+02 1.000000e+02
  -9.000000e+01 -5.900000e+02 1.000000e+02
  -1.100000e+02 -5.900000e+02 1.000000e+02
  -1.100000e+02 -6.100000e+02 1.000000e+02


95 5 1
  -1.000000e+01 -6.100000e+02 1.000000e+02
  1.000000e+01 -6.100000e+02 1.000000e+02
  1.000000e+01 -5.900000e+02 1.000000e+02
  -1.000000e+01 -5.900000e+02 1.000000e+02
  -1.000000e+01 -6.100000e+02 1.000000e+02


96 5 1
  9.000000e+01 -6.100000e+02 1.000000e+02
  1.100000e+02 -6.100000e+02 1.000000e+02
  1.100000e+02 -5.900000e+02 1.000000e+02
  9.000000e+01 -5.900000e+02 1.000000e+02
  9.000000e+01 -6.100000e+02 1.000000e+02


97 5 1
  1.900000e+02 -6.100000e+02 1.000000e+02
  2.100000e+02 -6.100000e+02 1.000000e+02
  2.100000e+02 -5.900000e+02 1.000000e+02
  1.900000e+02 -5.900000e+02 1.000000e+02
  1.900000e+02 -6.100000e+02 1.000000e+02


98 5 1
  2.900000e+02 -6.100000e+02 1.000000e+02
  3.100000e+02 -6.100000e+02 1.000000e+02
  3.100000e+02 -5.900000e+02 1.000000e+02
  2.900000e+02 -5.900000e+02 1.000000e+02
  2.900000e+02 -6.100000e+02 1.000000e+02


99 5 1
  3.900000e+02 -6.100000e+02 1.000000e+02
  4.100000e+02 -6.100000e+02 1.000000e+02
  4.100000e+02 -5.900000e+02 1.000000e+02
  3.900000e+02 -5.900000e+02 1.000000e+02
  3.900000e+02 -6.100000e+02 1.000000e+02


100 5 1
  4.900000e+02 -6.100000e+02 1.000000e+02
  5.100000e+02 -6.100000e+02 1.000000e+02
  5.100000e+02 -5.900000e+02 1.000000e+02
  4.900000e+02 -5.900000e+02 1.000000e+02
  4.900000e+02 -6.100000e+02 1.000000e+02


101 5 1
  5.900000e+02 -6.100000e+02 1.000000e+02
  6.100000e+02 -6.100000e+02 1.000000e+02
  6.100000e+02 -5.900000e+02 1.000000e+02
  5.900000e+02 -5.900000e+02 1.000000e+02
  5.900000e+02 -6.100000e+02 1.000000e+02


102 5 1
  6.900000e+02 -6.100000e+02 1.000000e+02
  7.100000e+02 -6.100000e+02 1.000000e+02
  7.100000e+02 -5.900000e+02 1.000000e+02
  6.900000e+02 -5.900000e+02 1.000000e+02
  6.900000e+02 -6.100000e+02 1.000000e+02


103 5 1
  7.900000e+02 -6.100000e+02 1.000000e+02
  8.100000e+02 -6.100000e+02 1.000000e+02
  8.100000e+02 -5.900000e+02 1.000000e+02
  7.900000e+02 -5.900000e+02 1.000000e+02
  7.900000e+02 -6.100000e+02 1.000000e+02


104 5 1
  8.900000e+02 -6.100000e+02 1.000000e+02
  9.100000e+02 -6.100000e+02 1.000000e+02
  9.100000e+02 -5.900000e+02 1.000000e+02
  8.900000e+02 -5.900000e+02 1.000000e+02
  8.900000e+02 -6.100000e+02 1.000000e+02


105 5 1
  9.900000e+02 -6.100000e+02 1.000000e+02
  1.010000e+03 -6.100000e+02 1.000000e+02
  1.010000e+03 -5.900000e+02 1.000000e+02
  9.900000e+02 -5.900000e+02 1.000000e+02
  9.900000e+02 -6.100000e+02 1.000000e+02


106 5 1
  -1.010000e+03 -5.100000e+02 1.000000e+02
  -9.900000e+02 -5.100000e+02 1.000000e+02
  -9.900000e+02 -4.900000e+02 1.000000e+02
  -1.010000e+03 -4.900000e+02 1.000000e+02
  -1.010000e+03 -5.100000e+02 1.000000e+02


107 5 1
  -9.100000e+02 -5.100000e+02 1.000000e+02
  -8.900000e+02 -5.100000e+02 1.000000e+02
  -8.900000e+02 -4.900000e+02 1.000000e+02
  -9.100000e+02 -4.900000e+02 1.000000e+02
  -9.100000e+02 -5.100000e+02 1.000000e+02


108 5 1
  -8.100000e+02 -5.100000e+02 1.000000e+02
  -7.900000e+02 -5.100000e+02 1.000000e+02
  -7.900000e+02 -4.900000e+02 1.000000e+02
  -8.100000e+02 -4.900000e+02 1.000000e+02
  -8.100000e+02 -5.100000e+02 1.000000e+02


109 5 1
  -7.100000e+02 -5.100000e+02 1.000000e+02
  -6.900000e+02 -5.100000e+02 1.000000e+02
  -6.900000e+02 -4.900000e+02 1.000000e+02
  -7.100000e+02 -4.900000e+02 1.000000e+02
  -7.100000e+02 -5.100000e+02 1.000000e+02


110 5 1
  -6.100000e+02 -5.100000e+02 1.000000e+02
  -5.900000e+02 -5.100000e+02 1.000000e+02
  -5.900000e+02 -4.900000e+02 1.000000e+02
  -6.100000e+02 -4.900000e+02 1.000000e+02
  -6.100000e+02 -5.100000e+02 1.000000e+02


111 5 1
  -5.100000e+02 -5.100000e+02 1.000000e+02
  -4.900000e+02 -5.100000e+02 1.000000e+02
  -4.900000e+02 -4.900000e+02 1.000000e+02
  -5.100000e+02 -4.900000e+02 1.000000e+02
  -5.100000e+02 -5.100000e+02 1.000000e+02


112 5 1
  -4.100000e+02 -5.100000e+02 1.000000e+02
  -3.900000e+02 -5.100000e+02 1.000000e+02
  -3.900000e+02 -4.900000e+02 1.000000e+02
  -4.100000e+02 -4.900000e+02 1.000000e+02
  -4.100000e+02 -5.100000e+02 1.000000e+02


113 5 1
  -3.100000e+02 -5.100000e+02 1.000000e+02
  -2.900000e+02 -5.100000e+02 1.000000e+02
  -2.900000e+02 -4.900000e+02 1.000000e+02
  -3.100000e+02 -4.900000e+02 1.000000e+02
  -3.100000e+02 -5.100000e+02 1.000000e+02


114 5 1
  -2.100000e+02 -5.100000e+02 1.000000e+02
  -1.900000e+02 -5.100000e+02 1.000000e+02
  -1.900000e+02 -4.900000e+02 1.000000e+02
  -2.100000e+02 -4.900000e+02 1.000000e+02
  -2.100000e+02 -5.100000e+02 1.000000e+02


115 5 1
  -1.100000e+02 -5.100000e+02 1.000000e+02
  -9.000000e+01 -5.100000e+02 1.000000e+02
  -9.000000e+01 -4.900000e+02 1.000000e+02
  -1.100000e+02 -4.900000e+02 1.000000e+02
  -1.100000e+02 -5.100000e+02 1.000000e+02


116 5 1
  -1.000000e+01 -5.100000e+02 1.000000e+02
  1.000000e+01 -5.100000e+02 1.000000e+02
  1.000000e+01 -4.900000e+02 1.000000e+02
  -1.000000e+01 -4.900000e+02 1.000000e+02
  -1.000000e+01 -5.100000e+02 1.000000e+02


117 5 1
  9.000000e+01 -5.100000e+02 1.000000e+02
  1.100000e+02 -5.100000e+02 1.000000e+02
  1.100000e+02 -4.900000e+02 1.000000e+02
  9.000000e+01 -4.900000e+02 1.000000e+02
  9.000000e+01 -5.100000e+02 1.000000e+02


118 5 1
  1.900000e+02 -5.100000e+02 1.000000e+02
  2.100000e+02 -5.100000e+02 1.000000e+02
  2.100000e+02 -4.900000e+02 1.000000e+02
  1.900000e+02 -4.900000e+02 1.000000e+02
  1.900000e+02 -5.100000e+02 1.000000e+02


119 5 1
  2.900000e+02 -5.100000e+02 1.000000e+02
  3.100000e+02 -5.100000e+02 1.000000e+02
  3.100000e+02 -4.900000e+02 1.000000e+02
  2.900000e+02 -4.900000e+02 1.000000e+02
  2.900000e+02 -5.100000e+02 1.000000e+02


120 5 1
  3.900000e+02 -5.100000e+02 1.000000e+02
  4.100000e+02 -5.100000e+02 1.000000e+02
  4.100000e+02 -4.900000e+02 1.000000e+02
  3.900000e+02 -4.900000e+02 1.000000e+02
  3.900000e+02 -5.100000e+02 1.000000e+02


121 5 1
  4.900000e+02 -5.100000e+02 1.000000e+02
  5.100000e+02 -5.100000e+02 1.000000e+02
  5.100000e+02 -4.900000e+02 1.000000e+02
  4.900000e+02 -4.900000e+02 1.000000e+02
  4.900000e+02 -5.100000e+02 1.000000e+02


122 5 1
  5.900000e+02 -5.100000e+02 1.000000e+02
  6.100000e+02 -5.100000e+02 1.000000e+02
  6.100000e+02 -4.900000e+02 1.000000e+02
  5.900000e+02 -4.900000e+02 1.000000e+02
  5.900000e+02 -5.100000e+02 1.000000e+02


123 5 1
  6.900000e+02 -5.100000e+02 1.000000e+02
  7.100000e+02 -5.100000e+02 1.000000e+02
  7.100000e+02 -4.900000e+02 1.000000e+02
  6.900000e+02 -4.900000e+02 1.000000e+02
  6.900000e+02 -5.100000e+02 1.000000e+02


124 5 1
  7.900000e+02 -5.100000e+02 1.000000e+02
  8.100000e+02 -5.100000e+02 1.000000e+02
  8.100000e+02 -4.900000e+02 1.000000e+02
  7.900000e+02 -4.900000e+02 1.000000e+02
  7.900000e+02 -5.100000e+02 1.000000e+02


125 5 1
  8.900000e+02 -5.100000e+02 1.000000e+02
  9.100000e+02 -5.100000e+02 1.000000e+02
  9.100000e+02 -4.900000e+02 1.000000e+02
  8.900000e+02 -4.900000e+02 1.000000e+02
  8.900000e+02 -5.100000e+02 1.000000e+02


126 5 1
  9.900000e+02 -5.100000e+02 1.000000e+02
  1.010000e+03 -5.100000e+02 1.000000e+02
  1.010000e+03 -4.900000e+02 1.000000e+02
  9.900000e+02 -4.900000e+02 1.000000e+02
  9.900000e+02 -5.100000e+02 1.000000e+02


127 5 1
  -1.010000e+03 -4.100000e+02 1.000000e+02
  -9.900000e+02 -4.100000e+02 1.000000e+02
  -9.900000e+02 -3.900000e+02 1.000000e+02
  -1.010000e+03 -3.900000e+02 1.000000e+02
  -1.010000e+03 -4.100000e+02 1.000000e+02


128 5 1
  -9.100000e+02 -4.100000e+02 1.000000e+02
  -8.900000e+02 -4.100000e+02 1.000000e+02
  -8.900000e+02 -3.900000e+02 1.000000e+02
  -9.100000e+02 -3.900000e+02 1.000000e+02
  -9.100000e+02 -4.100000e+02 1.000000e+02


129 5 1
  -8.100000e+02 -4.100000e+02 1.000000e+02
  -7.900000e+02 -4.100000e+02 1.000000e+02
  -7.900000e+02 -3.900000e+02 1.000000e+02
  -8.100000e+02 -3.900000e+02 1.000000e+02
  -8.100000e+02 -4.100000e+02 1.000000e+02


130 5 1
  -7.100000e+02 -4.100000e+02 1.000000e+02
  -6.900000e+02 -4.100000e+02 1.000000e+02
  -6.900000e+02 -3.900000e+02 1.000000e+02
  -7.100000e+02 -3.900000e+02 1.000000e+02
  -7.100000e+02 -4.100000e+02 1.000000e+02


131 5 1
  -6.100000e+02 -4.100000e+02 1.000000e+02
  -5.900000e+02 -4.100000e+02 1.000000e+02
  -5.900000e+02 -3.900000e+02 1.000000e+02
  -6.100000e+02 -3.900000e+02 1.000000e+02
  -6.100000e+02 -4.100000e+02 1.000000e+02


132 5 1
  -5.100000e+02 -4.100000e+02 1.000000e+02
  -4.900000e+02 -4.100000e+02 1.000000e+02
  -4.900000e+02 -3.900000e+02 1.000000e+02
  -5.100000e+02 -3.900000e+02 1.000000e+02
  -5.100000e+02 -4.100000e+02 1.000000e+02


133 5 1
  -4.100000e+02 -4.100000e+02 1.000000e+02
  -3.900000e+02 -4.100000e+02 1.000000e+02
  -3.900000e+02 -3.900000e+02 1.000000e+02
  -4.100000e+02 -3.900000e+02 1.000000e+02
  -4.100000e+02 -4.100000e+02 1.000000e+02


134 5 1
  -3.100000e+02 -4.100000e+02 1.000000e+02
  -2.900000e+02 -4.100000e+02 1.000000e+02
  -2.900000e+02 -3.900000e+02 1.000000e+02
  -3.100000e+02 -3.900000e+02 1.000000e+02
  -3.100000e+02 -4.100000e+02 1.000000e+02


135 5 1
  -2.100000e+02 -4.100000e+02 1.000000e+02
  -1.900000e+02 -4.100000e+02 1.000000e+02
  -1.900000e+02 -3.900000e+02 1.000000e+02
  -2.100000e+02 -3.900000e+02 1.000000e+02
  -2.100000e+02 -4.100000e+02 1.000000e+02


136 5 1
  -1.100000e+02 -4.100000e+02 1.000000e+02
  -9.000000e+01 -4.100000e+02 1.000000e+02
  -9.000000e+01 -3.900000e+02 1.000000e+02
  -1.100000e+02 -3.900000e+02 1.000000e+02
  -1.100000e+02 -4.100000e+02 1.000000e+02


137 5 1
  -1.000000e+01 -4.100000e+02 1.000000e+02
  1.000000e+01 -4.100000e+02 1.000000e+02
  1.000000e+01 -3.900000e+02 1.000000e+02
  -1.000000e+01 -3.900000e+02 1.000000e+02
  -1.000000e+01 -4.100000e+02 1.000000e+02


138 5 1
  9.000000e+01 -4.100000e+02 1.000000e+02
  1.100000e+02 -4.100000e+02 1.000000e+02
  1.100000e+02 -3.900000e+02 1.000000e+02
  9.000000e+01 -3.900000e+02 1.000000e+02
  9.000000e+01 -4.100000e+02 1.000000e+02


139 5 1
  1.900000e+02 -4.100000e+02 1.000000e+02
  2.100000e+02 -4.100000e+02 1.000000e+02
  2.100000e+02 -3.900000e+02 1.000000e+02
  1.900000e+02 -3.900000e+02 1.000000e+02
  1.900000e+02 -4.100000e+02 1.000000e+02


140 5 1
  2.900000e+02 -4.100000e+02 1.000000e+02
  3.100000e+02 -4.100000e+02 1.000000e+02
  3.100000e+02 -3.900000e+02 1.000000e+02
  2.900000e+02 -3.900000e+02 1.000000e+02
  2.900000e+02 -4.100000e+02 1.000000e+02


141 5 1
  3.900000e+02 -4.100000e+02 1.000000e+02
  4.100000e+02 -4.100000e+02 1.000000e+02
  4.100000e+02 -3.900000e+02 1.000000e+02
  3.900000e+02 -3.900000e+02 1.000000e+02
  3.900000e+02 -4.100000e+02 1.000000e+02


142 5 1
  4.900000e+02 -4.100000e+02 1.000000e+02
  5.100000e+02 -4.100000e+02 1.000000e+02
  5.100000e+02 -3.900000e+02 1.000000e+02
  4.900000e+02 -3.900000e+02 1.000000e+02
  4.900000e+02 -4.100000e+02 1.000000e+02


143 5 1
  5.900000e+02 -4.100000e+02 1.000000e+02
  6.100000e+02 -4.100000e+02 1.000000e+02
  6.100000e+02 -3.900000e+02 1.000000e+02
  5.900000e+02 -3.900000e+02 1.000000e+02
  5.900000e+02 -4.100000e+02 1.000000e+02


144 5 1
  6.900000e+02 -4.100000e+02 1.000000e+02
  7.100000e+02 -4.100000e+02 1.000000e+02
  7.100000e+02 -3.900000e+02 1.000000e+02
  6.900000e+02 -3.900000e+02 1.000000e+02
  6.900000e+02 -4.100000e+02 1.000000e+02


145 5 1
  7.900000e+02 -4.100000e+02 1.000000e+02
  8.100000e+02 -4.100000e+02 1.000000e+02
  8.100000e+02 -3.900000e+02 1.000000e+02
  7.900000e+02 -3.900000e+02 1.000000e+02
  7.900000e+02 -4.100000e+02 1.000000e+02


146 5 1
  8.900000e+02 -4.100000e+02 1.000000e+02
  9.100000e+02 -4.100000e+02 1.000000e+02
  9.100000e+02 -3.900000e+02 1.000000e+02
  8.900000e+02 -3.900000e+02 1.000000e+02
  8.900000e+02 -4.100000e+02 1.000000e+02


147 5 1
  9.900000e+02 -4.100000e+02 1.000000e+02
  1.010000e+03 -4.100000e+02 1.000000e+02
  1.010000e+03 -3.900000e+02 1.000000e+02
  9.900000e+02 -3.900000e+02 1.000000e+02
  9.900000e+02 -4.100000e+02 1.000000e+02


148 5 1
  -1.010000e+03 -3.100000e+02 1.000000e+02
  -9.900000e+02 -3.100000e+02 1.000000e+02
  -9.900000e+02 -2.900000e+02 1.000000e+02
  -1.010000e+03 -2.900000e+02 1.000000e+02
  -1.010000e+03 -3.100000e+02 1.000000e+02


149 5 1
  -9.100000e+02 -3.100000e+02 1.000000e+02
  -8.900000e+02 -3.100000e+02 1.000000e+02
  -8.900000e+02 -2.900000e+02 1.000000e+02
  -9.100000e+02 -2.900000e+02 1.000000e+02
  -9.100000e+02 -3.100000e+02 1.000000e+02


150 5 1
  -8.100000e+02 -3.100000e+02 1.000000e+02
  -7.900000e+02 -3.100000e+02 1.000000e+02
  -7.900000e+02 -2.900000e+02 1.000000e+02
  -8.100000e+02 -2.900000e+02 1.000000e+02
  -8.100000e+02 -3.100000e+02 1.000000e+02


151 5 1
  -7.100000e+02 -3.100000e+02 1.000000e+02
  -6.900000e+02 -3.100000e+02 1.000000e+02
  -6.900000e+02 -2.900000e+02 1.000000e+02
  -7.100000e+02 -2.900000e+02 1.000000e+02
  -7.100000e+02 -3.100000e+02 1.000000e+02


152 5 1
  -6.100000e+02 -3.100000e+02 1.000000e+02
  -5.900000e+02 -3.100000e+02 1.000000e+02
  -5.900000e+02 -2.900000e+02 1.000000e+02
  -6.100000e+02 -2.900000e+02 1.000000e+02
  -6.100000e+02 -3.100000e+02 1.000000e+02


153 5 1
  -5.100000e+02 -3.100000e+02 1.000000e+02
  -4.900000e+02 -3.100000e+02 1.000000e+02
  -4.900000e+02 -2.900000e+02 1.000000e+02
  -5.100000e+02 -2.900000e+02 1.000000e+02
  -5.100000e+02 -3.100000e+02 1.000000e+02


154 5 1
  -4.100000e+02 -3.100000e+02 1.000000e+02
  -3.900000e+02 -3.100000e+02 1.000000e+02
  -3.900000e+02 -2.900000e+02 1.000000e+02
  -4.100000e+02 -2.900000e+02 1.000000e+02
  -4.100000e+02 -3.100000e+02 1.000000e+02


155 5 1
  -3.100000e+02 -3.100000e+02 1.000000e+02
  -2.900000e+02 -3.100000e+02 1.000000e+02
  -2.900000e+02 -2.900000e+02 1.000000e+02
  -3.100000e+02 -2.900000e+02 1.000000e+02
  -3.100000e+02 -3.100000e+02 1.000000e+02


156 5 1
  -2.100000e+02 -3.100000e+02 1.000000e+02
  -1.900000e+02 -3.100000e+02 1.000000e+02
  -1.900000e+02 -2.900000e+02 1.000000e+02
  -2.100000e+02 -2.900000e+02 1.000000e+02
  -2.100000e+02 -3.100000e+02 1.000000e+02


157 5 1
  -1.100000e+02 -3.100000e+02 1.000000e+02
  -9.000000e+01 -3.100000e+02 1.000000e+02
  -9.000000e+01 -2.900000e+02 1.000000e+02
  -1.100000e+02 -2.900000e+02 1.000000e+02
  -1.100000e+02 -3.100000e+02 1.000000e+02


158 5 1
  -1.000000e+01 -3.100000e+02 1.000000e+02
  1.000000e+01 -3.100000e+02 1.000000e+02
  1.000000e+01 -2.900000e+02 1.000000e+02
  -1.000000e+01 -2.900000e+02 1.000000e+02
  -1.000000e+01 -3.100000e+02 1.000000e+02


159 5 1
  9.000000e+01 -3.100000e+02 1.000000e+02
  1.100000e+02 -3.100000e+02 1.000000e+02
  1.100000e+02 -2.900000e+02 1.000000e+02
  9.000000e+01 -2.900000e+02 1.000000e+02
  9.000000e+01 -3.100000e+02 1.000000e+02


160 5 1
  1.900000e+02 -3.100000e+02 1.000000e+02
  2.100000e+02 -3.100000e+02 1.000000e+02
  2.100000e+02 -2.900000e+02 1.000000e+02
  1.900000e+02 -2.900000e+02 1.000000e+02
  1.900000e+02 -3.100000e+02 1.000000e+02


161 5 1
  2.900000e+02 -3.100000e+02 1.000000e+02
  3.100000e+02 -3.100000e+02 1.000000e+02
  3.100000e+02 -2.900000e+02 1.000000e+02
  2.900000e+02 -2.900000e+02 1.000000e+02
  2.900000e+02 -3.100000e+02 1.000000e+02


162 5 1
  3.900000e+02 -3.100000e+02 1.000000e+02
  4.100000e+02 -3.100000e+02 1.000000e+02
  4.100000e+02 -2.900000e+02 1.000000e+02
  3.900000e+02 -2.900000e+02 1.000000e+02
  3.900000e+02 -3.100000e+02 1.000000e+02


163 5 1
  4.900000e+02 -3.100000e+02 1.000000e+02
  5.100000e+02 -3.100000e+02 1.000000e+02
  5.100000e+02 -2.900000e+02 1.000000e+02
  4.900000e+02 -2.900000e+02 1.000000e+02
  4.900000e+02 -3.100000e+02 1.000000e+02


164 5 1
  5.900000e+02 -3.100000e+02 1.000000e+02
  6.100000e+02 -3.100000e+02 1.000000e+02
  6.100000e+02 -2.900000e+02 1.000000e+02
  5.900000e+02 -2.900000e+02 1.000000e+02
  5.900000e+02 -3.100000e+02 1.000000e+02


165 5 1
  6.900000e+02 -3.100000e+02 1.000000e+02
  7.100000e+02 -3.100000e+02 1.000000e+02
  7.100000e+02 -2.900000e+02 1.000000e+02
  6.900000e+02 -2.900000e+02 1.000000e+02
  6.900000e+02 -3.100000e+02 1.000000e+02


166 5 1
  7.900000e+02 -3.100000e+02 1.000000e+02
  8.100000e+02 -3.100000e+02 1.000000e+02
  8.100000e+02 -2.900000e+02 1.000000e+02
  7.900000e+02 -2.900000e+02 1.000000e+02
  7.900000e+02 -3.100000e+02 1.000000e+02


167 5 1
  8.900000e+02 -3.100000e+02 1.000000e+02
  9.100000e+02 -3.100000e+02 1.000000e+02
  9.100000e+02 -2.900000e+02 1.000000e+02
  8.900000e+02 -2.900000e+02 1.000000e+02
  8.900000e+02 -3.100000e+02 1.000000e+02


168 5 1
  9.900000e+02 -3.100000e+02 1.000000e+02
  1.010000e+03 -3.100000e+02 1.000000e+02
  1.010000e+03 -2.900000e+02 1.000000e+02
  9.900000e+02 -2.900000e+02 1.000000e+02
  9.900000e+02 -3.100000e+02 1.000000e+02


169 5 1
  -1.010000e+03 -2.100000e+02 1.000000e+02
  -9.900000e+02 -2.100000e+02 1.000000e+02
  -9.900000e+02 -1.900000e+02 1.000000e+02
  -1.010000e+03 -1.900000e+02 1.000000e+02
  -1.010000e+03 -2.100000e+02 1.000000e+02


170 5 1
  -9.100000e+02 -2.100000e+02 1.000000e+02
  -8.900000e+02 -2.100000e+02 1.000000e+02
  -8.900000e+02 -1.900000e+02 1.000000e+02
  -9.100000e+02 -1.900000e+02 1.000000e+02
  -9.100000e+02 -2.100000e+02 1.000000e+02


171 5 1
  -8.100000e+02 -2.100000e+02 1.000000e+02
  -7.900000e+02 -2.100000e+02 1.000000e+02
  -7.900000e+02 -1.900000e+02 1.000000e+02
  -8.100000e+02 -1.900000e+02 1.000000e+02
  -8.100000e+02 -2.100000e+02 1.000000e+02


172 5 1
  -7.100000e+02 -2.100000e+02 1.000000e+02
  -6.900000e+02 -2.100000e+02 1.000000e+02
  -6.900000e+02 -1.900000e+02 1.000000e+02
  -7.100000e+02 -1.900000e+02 1.000000e+02
  -7.100000e+02 -2.100000e+02 1.000000e+02


173 5 1
  -6.100000e+02 -2.100000e+02 1.000000e+02
  -5.900000e+02 -2.100000e+02 1.000000e+02
  -5.900000e+02 -1.900000e+02 1.000000e+02
  -6.100000e+02 -1.900000e+02 1.000000e+02
  -6.100000e+02 -2.100000e+02 1.000000e+02


174 5 1
  -5.100000e+02 -2.100000e+02 1.000000e+02
  -4.900000e+02 -2.100000e+02 1.000000e+02
  -4.900000e+02 -1.900000e+02 1.000000e+02
  -5.100000e+02 -1.900000e+02 1.000000e+02
  -5.100000e+02 -2.100000e+02 1.000000e+02


175 5 1
  -4.100000e+02 -2.100000e+02 1.000000e+02
  -3.900000e+02 -2.100000e+02 1.000000e+02
  -3.900000e+02 -1.900000e+02 1.000000e+02
  -4.100000e+02 -1.900000e+02 1.000000e+02
  -4.100000e+02 -2.100000e+02 1.000000e+02


176 5 1
  -3.100000e+02 -2.100000e+02 1.000000e+02
  -2.900000e+02 -2.100000e+02 1.000000e+02
  -2.900000e+02 -1.900000e+02 1.000000e+02
  -3.100000e+02 -1.900000e+02 1.000000e+02
  -3.100000e+02 -2.100000e+02 1.000000e+02


177 5 1
  -2.100000e+02 -2.100000e+02 1.000000e+02
  -1.900000e+02 -2.100000e+02 1.000000e+02
  -1.900000e+02 -1.900000e+02 1.000000e+02
  -2.100000e+02 -1.900000e+02 1.000000e+02
  -2.100000e+02 -2.100000e+02 1.000000e+02


178 5 1
  -1.100000e+02 -2.100000e+02 1.000000e+02
  -9.000000e+01 -2.100000e+02 1.000000e+02
  -9.000000e+01 -1.900000e+02 1.000000e+02
  -1.100000e+02 -1.900000e+02 1.000000e+02
  -1.100000e+02 -2.100000e+02 1.000000e+02


179 5 1
  -1.000000e+01 -2.100000e+02 1.000000e+02
  1.000000e+01 -2.100000e+02 1.000000e+02
  1.000000e+01 -1.900000e+02 1.000000e+02
  -1.000000e+01 -1.900000e+02 1.000000e+02
  -1.000000e+01 -2.100000e+02 1.000000e+02


180 5 1
  9.000000e+01 -2.100000e+02 1.000000e+02
  1.100000e+02 -2.100000e+02 1.000000e+02
  1.100000e+02 -1.900000e+02 1.000000e+02
  9.000000e+01 -1.900000e+02 1.000000e+02
  9.000000e+01 -2.100000e+02 1.000000e+02


181 5 1
  1.900000e+02 -2.100000e+02 1.000000e+02
  2.100000e+02 -2.100000e+02 1.000000e+02
  2.100000e+02 -1.900000e+02 1.000000e+02
  1.900000e+02 -1.900000e+02 1.000000e+02
  1.900000e+02 -2.100000e+02 1.000000e+02


182 5 1
  2.900000e+02 -2.100000e+02 1.000000e+02
  3.100000e+02 -2.100000e+02 1.000000e+02
  3.100000e+02 -1.900000e+02 1.000000e+02
  2.900000e+02 -1.900000e+02 1.000000e+02
  2.900000e+02 -2.100000e+02 1.000000e+02


183 5 1
  3.900000e+02 -2.100000e+02 1.000000e+02
  4.100000e+02 -2.100000e+02 1.000000e+02
  4.100000e+02 -1.900000e+02 1.000000e+02
  3.900000e+02 -1.900000e+02 1.000000e+02
  3.900000e+02 -2.100000e+02 1.000000e+02


184 5 1
  4.900000e+02 -2.100000e+02 1.000000e+02
  5.100000e+02 -2.100000e+02 1.000000e+02
  5.100000e+02 -1.900000e+02 1.000000e+02
  4.900000e+02 -1.900000e+02 1.000000e+02
  4.900000e+02 -2.100000e+02 1.000000e+02


185 5 1
  5.900000e+02 -2.100000e+02 1.000000e+02
  6.100000e+02 -2.100000e+02 1.000000e+02
  6.100000e+02 -1.900000e+02 1.000000e+02
  5.900000e+02 -1.900000e+02 1.000000e+02
  5.900000e+02 -2.100000e+02 1.000000e+02


186 5 1
  6.900000e+02 -2.100000e+02 1.000000e+02
  7.100000e+02 -2.100000e+02 1.000000e+02
  7.100000e+02 -1.900000e+02 1.000000e+02
  6.900000e+02 -1.900000e+02 1.000000e+02
  6.900000e+02 -2.100000e+02 1.000000e+02


187 5 1
  7.900000e+02 -2.100000e+02 1.000000e+02
  8.100000e+02 -2.100000e+02 1.000000e+02
  8.100000e+02 -1.900000e+02 1.000000e+02
  7.900000e+02 -1.900000e+02 1.000000e+02
  7.900000e+02 -2.100000e+02 1.000000e+02


188 5 1
  8.900000e+02 -2.100000e+02 1.000000e+02
  9.100000e+02 -2.100000e+02 1.000000e+02
  9.100000e+02 -1.900000e+02 1.000000e+02
  8.900000e+02 -1.900000e+02 1.000000e+02
  8.900000e+02 -2.100000e+02 1.000000e+02


189 5 1
  9.900000e+02 -2.100000e+02 1.000000e+02
  1.010000e+03 -2.100000e+02 1.000000e+02
  1.010000e+03 -1.900000e+02 1.000000e+02
  9.900000e+02 -1.900000e+02 1.000000e+02
  9.900000e+02 -2.100000e+02 1.000000e+02


190 5 1
  -1.010000e+03 -1.100000e+02 1.000000e+02
  -9.900000e+02 -1.100000e+02 1.000000e+02
  -9.900000e+02 -9.000000e+01 1.000000e+02
  -1.010000e+03 -9.000000e+01 1.000000e+02
  -1.010000e+03 -1.100000e+02 1.000000e+02


191 5 1
  -9.100000e+02 -1.100000e+02 1.000000e+02
  -8.900000e+02 -1.100000e+02 1.000000e+02
  -8.900000e+02 -9.000000e+01 1.000000e+02
  -9.100000e+02 -9.000000e+01 1.000000e+02
  -9.100000e+02 -1.100000e+02 1.000000e+02


192 5 1
  -8.100000e+02 -1.100000e+02 1.000000e+02
  -7.900000e+02 -1.100000e+02 1.000000e+02
  -7.900000e+02 -9.000000e+01 1.000000e+02
  -8.100000e+02 -9.000000e+01 1.000000e+02
  -8.100000e+02 -1.100000e+02 1.000000e+02


193 5 1
  -7.100000e+02 -1.100000e+02 1.000000e+02
  -6.900000e+02 -1.100000e+02 1.000000e+02
  -6.900000e+02 -9.000000e+01 1.000000e+02
  -7.100000e+02 -9.000000e+01 1.000000e+02
  -7.100000e+02 -1.100000e+02 1.000000e+02


194 5 1
  -6.100000e+02 -1.100000e+02 1.000000e+02
  -5.900000e+02 -1.100000e+02 1.000000e+02
  -5.900000e+02 -9.000000e+01 1.000000e+02
  -6.100000e+02 -9.000000e+01 1.000000e+02
  -6.100000e+02 -1.100000e+02 1.000000e+02


195 5 1
  -5.100000e+02 -1.100000e+02 1.000000e+02
  -4.900000e+02 -1.100000e+02 1.000000e+02
  -4.900000e+02 -9.000000e+01 1.000000e+02
  -5.100000e+02 -9.000000e+01 1.000000e+02
  -5.100000e+02 -1.100000e+02 1.000000e+02


196 5 1
  -4.100000e+02 -1.100000e+02 1.000000e+02
  -3.900000e+02 -1.100000e+02 1.000000e+02
  -3.900000e+02 -9.000000e+01 1.000000e+02
  -4.100000e+02 -9.000000e+01 1.000000e+02
  -4.100000e+02 -1.100000e+02 1.000000e+02


197 5 1
  -3.100000e+02 -1.100000e+02 1.000000e+02
  -2.900000e+02 -1.100000e+02 1.000000e+02
  -2.900000e+02 -9.000000e+01 1.000000e+02
  -3.100000e+02 -9.000000e+01 1.000000e+02
  -3.100000e+02 -1.100000e+02 1.000000e+02


198 5 1
  -2.100000e+02 -1.100000e+02 1.000000e+02
  -1.900000e+02 -1.100000e+02 1.000000e+02
  -1.900000e+02 -9.000000e+01 1.000000e+02
  -2.100000e+02 -9.000000e+01 1.000000e+02
  -2.100000e+02 -1.100000e+02 1.000000e+02


199 5 1
  -1.100000e+02 -1.100000e+02 1.000000e+02
  -9.000000e+01 -1.100000e+02 1.000000e+02
  -9.000000e+01 -9.000000e+01 1.000000e+02
  -1.100000e+02 -9.000000e+01 1.000000e+02
  -1.100000e+02 -1.100000e+02 1.000000e+02


200 5 1
  -1.000000e+01 -1.100000e+02 1.000000e+02
  1.000000e+01 -1.100000e+02 1.000000e+02
  1.000000e+01 -9.000000e+01 1.000000e+02
  -1.000000e+01 -9.000000e+01 1.000000e+02
  -1.000000e+01 -1.100000e+02 1.000000e+02


201 5 1
  9.000000e+01 -1.100000e+02 1.000000e+02
  1.100000e+02 -1.100000e+02 1.000000e+02
  1.100000e+02 -9.000000e+01 1.000000e+02
  9.000000e+01 -9.000000e+01 1.000000e+02
  9.000000e+01 -1.100000e+02 1.000000e+02


202 5 1
  1.900000e+02 -1.100000e+02 1.000000e+02
  2.100000e+02 -1.100000e+02 1.000000e+02
  2.100000e+02 -9.000000e+01 1.000000e+02
  1.900000e+02 -9.000000e+01 1.000000e+02
  1.900000e+02 -1.100000e+02 1.000000e+02


203 5 1
  2.900000e+02 -1.100000e+02 1.000000e+02
  3.100000e+02 -1.100000e+02 1.000000e+02
  3.100000e+02 -9.000000e+01 1.000000e+02
  2.900000e+02 -9.000000e+01 1.000000e+02
  2.900000e+02 -1.100000e+02 1.000000e+02


204 5 1
  3.900000e+02 -1.100000e+02 1.000000e+02
  4.100000e+02 -1.100000e+02 1.000000e+02
  4.100000e+02 -9.000000e+01 1.000000e+02
  3.900000e+02 -9.000000e+01 1.000000e+02
  3.900000e+02 -1.100000e+02 1.000000e+02


205 5 1
  4.900000e+02 -1.100000e+02 1.000000e+02
  5.100000e+02 -1.100000e+02 1.000000e+02
  5.100000e+02 -9.000000e+01 1.000000e+02
  4.900000e+02 -9.000000e+01 1.000000e+02
  4.900000e+02 -1.100000e+02 1.000000e+02


206 5 1
  5.900000e+02 -1.100000e+02 1.000000e+02
  6.100000e+02 -1.100000e+02 1.000000e+02
  6.100000e+02 -9.000000e+01 1.000000e+02
  5.900000e+02 -9.000000e+01 1.000000e+02
  5.900000e+02 -1.100000e+02 1.000000e+02


207 5 1
  6.900000e+02 -1.100000e+02 1.000000e+02
  7.100000e+02 -1.100000e+02 1.000000e+02
  7.100000e+02 -9.000000e+01 1.000000e+02
  6.900000e+02 -9.000000e+01 1.000000e+02
  6.900000e+02 -1.100000e+02 1.000000e+02


208 5 1
  7.900000e+02 -1.100000e+02 1.000000e+02
  8.100000e+02 -1.100000e+02 1.000000e+02
  8.100000e+02 -9.000000e+01 1.000000e+02
  7.900000e+02 -9.000000e+01 1.000000e+02
  7.900000e+02 -1.100000e+02 1.000000e+02


209 5 1
  8.900000e+02 -1.100000e+02 1.000000e+02
  9.100000e+02 -1.100000e+02 1.000000e+02
  9.100000e+02 -9.000000e+01 1.000000e+02
  8.900000e+02 -9.000000e+01 1.000000e+02
  8.900000e+02 -1.100000e+02 1.000000e+02


210 5 1
  9.900000e+02 -1.100000e+02 1.000000e+02
  1.010000e+03 -1.100000e+02 1.000000e+02
  1.010000e+03 -9.000000e+01 1.000000e+02
  9.900000e+02 -9.000000e+01 1.000000e+02
  9.900000e+02 -1.100000e+02 1.000000e+02


211 5 1
  -1.010000e+03 -1.000000e+01 1.000000e+02
  -9.900000e+02 -1.000000e+01 1.000000e+02
  -9.900000e+02 1.000000e+01 1.000000e+02
  -1.010000e+03 1.000000e+01 1.000000e+02
  -1.010000e+03 -1.000000e+01 1.000000e+02


212 5 1
  -9.100000e+02 -1.000000e+01 1.000000e+02
  -8.900000e+02 -1.000000e+01 1.000000e+02
  -8.900000e+02 1.000000e+01 1.000000e+02
  -9.100000e+02 1.000000e+01 1.000000e+02
  -9.100000e+02 -1.000000e+01 1.000000e+02


213 5 1
  -8.100000e+02 -1.000000e+01 1.000000e+02
  -7.900000e+02 -1.000000e+01 1.000000e+02
  -7.900000e+02 1.000000e+01 1.000000e+02
  -8.100000e+02 1.000000e+01 1.000000e+02
  -8.100000e+02 -1.000000e+01 1.000000e+02


214 5 1
  -7.100000e+02 -1.000000e+01 1.000000e+02
  -6.900000e+02 -1.000000e+01 1.000000e+02
  -6.900000e+02 1.000000e+01 1.000000e+02
  -7.100000e+02 1.000000e+01 1.000000e+02
  -7.100000e+02 -1.000000e+01 1.000000e+02


215 5 1
  -6.100000e+02 -1.000000e+01 1.000000e+02
  -5.900000e+02 -1.000000e+01 1.000000e+02
  -5.900000e+02 1.000000e+01 1.000000e+02
  -6.100000e+02 1.000000e+01 1.000000e+02
  -6.100000e+02 -1.000000e+01 1.000000e+02


216 5 1
  -5.100000e+02 -1.000000e+01 1.000000e+02
  -4.900000e+02 -1.000000e+01 1.000000e+02
  -4.900000e+02 1.000000e+01 1.000000e+02
  -5.100000e+02 1.000000e+01 1.000000e+02
  -5.100000e+02 -1.000000e+01 1.000000e+02


217 5 1
  -4.100000e+02 -1.000000e+01 1.000000e+02
  -3.900000e+02 -1.000000e+01 1.000000e+02
  -3.900000e+02 1.000000e+01 1.000000e+02
  -4.100000e+02 1.000000e+01 1.000000e+02
  -4.100000e+02 -1.000000e+01 1.000000e+02


218 5 1
  -3.100000e+02 -1.000000e+01 1.000000e+02
  -2.900000e+02 -1.000000e+01 1.000000e+02
  -2.900000e+02 1.000000e+01 1.000000e+02
  -3.100000e+02 1.000000e+01 1.000000e+02
  -3.100000e+02 -1.000000e+01 1.000000e+02


219 5 1
  -2.100000e+02 -1.000000e+01 1.000000e+02
  -1.900000e+02 -1.000000e+01 1.000000e+02
  -1.900000e+02 1.000000e+01 1.000000e+02
  -2.100000e+02 1.000000e+01 1.000000e+02
  -2.100000e+02 -1.000000e+01 1.000000e+02


220 5 1
  -1.100000e+02 -1.000000e+01 1.000000e+02
  -9.000000e+01 -1.000000e+01 1.000000e+02
  -9.000000e+01 1.000000e+01 1.000000e+02
  -1.100000e+02 1.000000e+01 1.000000e+02
  -1.100000e+02 -1.000000e+01 1.000000e+02


221 5 1
  -1.000000e+01 -1.000000e+01 1.000000e+02
  1.000000e+01 -1.000000e+01 1.000000e+02
  1.000000e+01 1.000000e+01 1.000000e+02
  -1.000000e+01 1.000000e+01 1.000000e+02
  -1.000000e+01 -1.000000e+01 1.000000e+02


222 5 1
  9.000000e+01 -1.000000e+01 1.000000e+02
  1.100000e+02 -1.000000e+01 1.000000e+02
  1.100000e+02 1.000000e+01 1.000000e+02
  9.000000e+01 1.000000e+01 1.000000e+02
  9.000000e+01 -1.000000e+01 1.000000e+02


223 5 1
  1.900000e+02 -1.000000e+01 1.000000e+02
  2.100000e+02 -1.000000e+01 1.000000e+02
  2.100000e+02 1.000000e+01 1.000000e+02
  1.900000e+02 1.000000e+01 1.000000e+02
  1.900000e+02 -1.000000e+01 1.000000e+02


224 5 1
  2.900000e+02 -1.000000e+01 1.000000e+02
  3.100000e+02 -1.000000e+01 1.000000e+02
  3.100000e+02 1.000000e+01 1.000000e+02
  2.900000e+02 1.000000e+01 1.000000e+02
  2.900000e+02 -1.000000e+01 1.000000e+02


225 5 1
  3.900000e+02 -1.000000e+01 1.000000e+02
  4.100000e+02 -1.000000e+01 1.000000e+02
  4.100000e+02 1.000000e+01 1.000000e+02
  3.900000e+02 1.000000e+01 1.000000e+02
  3.900000e+02 -1.000000e+01 1.000000e+02


226 5 1
  4.900000e+02 -1.000000e+01 1.000000e+02
  5.100000e+02 -1.000000e+01 1.000000e+02
  5.100000e+02 1.000000e+01 1.000000e+02
  4.900000e+02 1.000000e+01 1.000000e+02
  4.900000e+02 -1.000000e+01 1.000000e+02


227 5 1
  5.900000e+02 -1.000000e+01 1.000000e+02
  6.100000e+02 -1.000000e+01 1.000000e+02
  6.100000e+02 1.000000e+01 1.000000e+02
  5.900000e+02 1.000000e+01 1.000000e+02
  5.900000e+02 -1.000000e+01 1.000000e+02


228 5 1
  6.900000e+02 -1.000000e+01 1.000000e+02
  7.100000e+02 -1.000000e+01 1.000000e+02
  7.100000e+02 1.000000e+01 1.000000e+02
  6.900000e+02 1.000000e+01 1.000000e+02
  6.900000e+02 -1.000000e+01 1.000000e+02


229 5 1
  7.900000e+02 -1.000000e+01 1.000000e+02
  8.100000e+02 -1.000000e+01 1.000000e+02
  8.100000e+02 1.000000e+01 1.000000e+02
  7.900000e+02 1.000000e+01 1.000000e+02
  7.900000e+02 -1.000000e+01 1.000000e+02


230 5 1
  8.900000e+02 -1.000000e+01 1.000000e+02
  9.100000e+02 -1.000000e+01 1.000000e+02
  9.100000e+02 1.000000e+01 1.000000e+02
  8.900000e+02 1.000000e+01 1.000000e+02
  8.900000e+02 -1.000000e+01 1.000000e+02


231 5 1
  9.900000e+02 -1.000000e+01 1.000000e+02
  1.010000e+03 -1.000000e+01 1.000000e+02
  1.010000e+03 1.000000e+01 1.000000e+02
  9.900000e+02 1.000000e+01 1.000000e+02
  9.900000e+02 -1.000000e+01 1.000000e+02


232 5 1
  -1.010000e+03 9.000000e+01 1.000000e+02
  -9.900000e+02 9.000000e+01 1.000000e+02
  -9.900000e+02 1.100000e+02 1.000000e+02
  -1.010000e+03 1.100000e+02 1.000000e+02
  -1.010000e+03 9.000000e+01 1.000000e+02


233 5 1
  -9.100000e+02 9.000000e+01 1.000000e+02
  -8.900000e+02 9.000000e+01 1.000000e+02
  -8.900000e+02 1.100000e+02 1.000000e+02
  -9.100000e+02 1.100000e+02 1.000000e+02
  -9.100000e+02 9.000000e+01 1.000000e+02


234 5 1
  -8.100000e+02 9.000000e+01 1.000000e+02
  -7.900000e+02 9.000000e+01 1.000000e+02
  -7.900000e+02 1.100000e+02 1.000000e+02
  -8.100000e+02 1.100000e+02 1.000000e+02
  -8.100000e+02 9.000000e+01 1.000000e+02


235 5 1
  -7.100000e+02 9.000000e+01 1.000000e+02
  -6.900000e+02 9.000000e+01 1.000000e+02
  -6.900000e+02 1.100000e+02 1.000000e+02
  -7.100000e+02 1.100000e+02 1.000000e+02
  -7.100000e+02 9.000000e+01 1.000000e+02


236 5 1
  -6.100000e+02 9.000000e+01 1.000000e+02
  -5.900000e+02 9.000000e+01 1.000000e+02
  -5.900000e+02 1.100000e+02 1.000000e+02
  -6.100000e+02 1.100000e+02 1.000000e+02
  -6.100000e+02 9.000000e+01 1.000000e+02


237 5 1
  -5.100000e+02 9.000000e+01 1.000000e+02
  -4.900000e+02 9.000000e+01 1.000000e+02
  -4.900000e+02 1.100000e+02 1.000000e+02
  -5.100000e+02 1.100000e+02 1.000000e+02
  -5.100000e+02 9.000000e+01 1.000000e+02


238 5 1
  -4.100000e+02 9.000000e+01 1.000000e+02
  -3.900000e+02 9.000000e+01 1.000000e+02
  -3.900000e+02 1.100000e+02 1.000000e+02
  -4.100000e+02 1.100000e+02 1.000000e+02
  -4.100000e+02 9.000000e+01 1.000000e+02


239 5 1
  -3.100000e+02 9.000000e+01 1.000000e+02
  -2.900000e+02 9.000000e+01 1.000000e+02
  -2.900000e+02 1.100000e+02 1.000000e+02
  -3.100000e+02 1.100000e+02 1.000000e+02
  -3.100000e+02 9.000000e+01 1.000000e+02


240 5 1
  -2.100000e+02 9.000000e+01 1.000000e+02
  -1.900000e+02 9.000000e+01 1.000000e+02
  -1.900000e+02 1.100000e+02 1.000000e+02
  -2.100000e+02 1.100000e+02 1.000000e+02
  -2.100000e+02 9.000000e+01 1.000000e+02


241 5 1
  -1.100000e+02 9.000000e+01 1.000000e+02
  -9.000000e+01 9.000000e+01 1.000000e+02
  -9.000000e+01 1.100000e+02 1.000000e+02
  -1.100000e+02 1.100000e+02 1.000000e+02
  -1.100000e+02 9.000000e+01 1.000000e+02


242 5 1
  -1.000000e+01 9.000000e+01 1.000000e+02
  1.000000e+01 9.000000e+01 1.000000e+02
  1.000000e+01 1.100000e+02 1.000000e+02
  -1.000000e+01 1.100000e+02 1.000000e+02
  -1.000000e+01 9.000000e+01 1.000000e+02


243 5 1
  9.000000e+01 9.000000e+01 1.000000e+02
  1.100000e+02 9.000000e+01 1.000000e+02
  1.100000e+02 1.100000e+02 1.000000e+02
  9.000000e+01 1.100000e+02 1.000000e+02
  9.000000e+01 9.000000e+01 1.000000e+02


244 5 1
  1.900000e+02 9.000000e+01 1.000000e+02
  2.100000e+02 9.000000e+01 1.000000e+02
  2.100000e+02 1.100000e+02 1.000000e+02
  1.900000e+02 1.100000e+02 1.000000e+02
  1.900000e+02 9.000000e+01 1.000000e+02


245 5 1
  2.900000e+02 9.000000e+01 1.000000e+02
  3.100000e+02 9.000000e+01 1.000000e+02
  3.100000e+02 1.100000e+02 1.000000e+02
  2.900000e+02 1.100000e+02 1.000000e+02
  2.900000e+02 9.000000e+01 1.000000e+02


246 5 1
  3.900000e+02 9.000000e+01 1.000000e+02
  4.100000e+02 9.000000e+01 1.000000e+02
  4.100000e+02 1.100000e+02 1.000000e+02
  3.900000e+02 1.100000e+02 1.000000e+02
  3.900000e+02 9.000000e+01 1.000000e+02


247 5 1
  4.900000e+02 9.000000e+01 1.000000e+02
  5.100000e+02 9.000000e+01 1.000000e+02
  5.100000e+02 1.100000e+02 1.000000e+02
  4.900000e+02 1.100000e+02 1.000000e+02
  4.900000e+02 9.000000e+01 1.000000e+02


248 5 1
  5.900000e+02 9.000000e+01 1.000000e+02
  6.100000e+02 9.000000e+01 1.000000e+02
  6.100000e+02 1.100000e+02 1.000000e+02
  5.900000e+02 1.100000e+02 1.000000e+02
  5.900000e+02 9.000000e+01 1.000000e+02


249 5 1
  6.900000e+02 9.000000e+01 1.000000e+02
  7.100000e+02 9.000000e+01 1.000000e+02
  7.100000e+02 1.100000e+02 1.000000e+02
  6.900000e+02 1.100000e+02 1.000000e+02
  6.900000e+02 9.000000e+01 1.000000e+02


250 5 1
  7.900000e+02 9.000000e+01 1.000000e+02
  8.100000e+02 9.000000e+01 1.000000e+02
  8.100000e+02 1.100000e+02 1.000000e+02
  7.900000e+02 1.100000e+02 1.000000e+02
  7.900000e+02 9.000000e+01 1.000000e+02


251 5 1
  8.900000e+02 9.000000e+01 1.000000e+02
  9.100000e+02 9.000000e+01 1.000000e+02
  9.100000e+02 1.100000e+02 1.000000e+02
  8.900000e+02 1.100000e+02 1.000000e+02
  8.900000e+02 9.000000e+01 1.000000e+02


252 5 1
  9.900000e+02 9.000000e+01 1.000000e+02
  1.010000e+03 9.000000e+01 1.000000e+02
  1.010000e+03 1.100000e+02 1.000000e+02
  9.900000e+02 1.100000e+02 1.000000e+02
  9.900000e+02 9.000000e+01 1.000000e+02


253 5 1
  -1.010000e+03 1.900000e+02 1.000000e+02
  -9.900000e+02 1.900000e+02 1.000000e+02
  -9.900000e+02 2.100000e+02 1.000000e+02
  -1.010000e+03 2.100000e+02 1.000000e+02
  -1.010000e+03 1.900000e+02 1.000000e+02


254 5 1
  -9.100000e+02 1.900000e+02 1.000000e+02
  -8.900000e+02 1.900000e+02 1.000000e+02
  -8.900000e+02 2.100000e+02 1.000000e+02
  -9.100000e+02 2.100000e+02 1.000000e+02
  -9.100000e+02 1.900000e+02 1.000000e+02


255 5 1
  -8.100000e+02 1.900000e+02 1.000000e+02
  -7.900000e+02 1.900000e+02 1.000000e+02
  -7.900000e+02 2.100000e+02 1.000000e+02
  -8.100000e+02 2.100000e+02 1.000000e+02
  -8.100000e+02 1.900000e+02 1.000000e+02


256 5 1
  -7.100000e+02 1.900000e+02 1.000000e+02
  -6.900000e+02 1.900000e+02 1.000000e+02
  -6.900000e+02 2.100000e+02 1.000000e+02
  -7.100000e+02 2.100000e+02 1.000000e+02
  -7.100000e+02 1.900000e+02 1.000000e+02


257 5 1
  -6.100000e+02 1.900000e+02 1.000000e+02
  -5.900000e+02 1.900000e+02 1.000000e+02
  -5.900000e+02 2.100000e+02 1.000000e+02
  -6.100000e+02 2.100000e+02 1.000000e+02
  -6.100000e+02 1.900000e+02 1.000000e+02


258 5 1
  -5.100000e+02 1.900000e+02 1.000000e+02
  -4.900000e+02 1.900000e+02 1.000000e+02
  -4.900000e+02 2.100000e+02 1.000000e+02
  -5.100000e+02 2.100000e+02 1.000000e+02
  -5.100000e+02 1.900000e+02 1.000000e+02


259 5 1
  -4.100000e+02 1.900000e+02 1.000000e+02
  -3.900000e+02 1.900000e+02 1.000000e+02
  -3.900000e+02 2.100000e+02 1.000000e+02
  -4.100000e+02 2.100000e+02 1.000000e+02
  -4.100000e+02 1.900000e+02 1.000000e+02


260 5 1
  -3.100000e+02 1.900000e+02 1.000000e+02
  -2.900000e+02 1.900000e+02 1.000000e+02
  -2.900000e+02 2.100000e+02 1.000000e+02
  -3.100000e+02 2.100000e+02 1.000000e+02
  -3.100000e+02 1.900000e+02 1.000000e+02


261 5 1
  -2.100000e+02 1.900000e+02 1.000000e+02
  -1.900000e+02 1.900000e+02 1.000000e+02
  -1.900000e+02 2.100000e+02 1.000000e+02
  -2.100000e+02 2.100000e+02 1.000000e+02
  -2.100000e+02 1.900000e+02 1.000000e+02


262 5 1
  -1.100000e+02 1.900000e+02 1.000000e+02
  -9.000000e+01 1.900000e+02 1.000000e+02
  -9.000000e+01 2.100000e+02 1.000000e+02
  -1.100000e+02 2.100000e+02 1.000000e+02
  -1.100000e+02 1.900000e+02 1.000000e+02


263 5 1
  -1.000000e+01 1.900000e+02 1.000000e+02
  1.000000e+01 1.900000e+02 1.000000e+02
  1.000000e+01 2.100000e+02 1.000000e+02
  -1.000000e+01 2.100000e+02 1.000000e+02
  -1.000000e+01 1.900000e+02 1.000000e+02


264 5 1
  9.000000e+01 1.900000e+02 1.000000e+02
  1.100000e+02 1.900000e+02 1.000000e+02
  1.100000e+02 2.100000e+02 1.000000e+02
  9.000000e+01 2.100000e+02 1.000000e+02
  9.000000e+01 1.900000e+02 1.000000e+02


265 5 1
  1.900000e+02 1.900000e+02 1.000000e+02
  2.100000e+02 1.900000e+02 1.000000e+02
  2.100000e+02 2.100000e+02 1.000000e+02
  1.900000e+02 2.100000e+02 1.000000e+02
  1.900000e+02 1.900000e+02 1.000000e+02


266 5 1
  2.900000e+02 1.900000e+02 1.000000e+02
  3.100000e+02 1.900000e+02 1.000000e+02
  3.100000e+02 2.100000e+02 1.000000e+02
  2.900000e+02 2.100000e+02 1.000000e+02
  2.900000e+02 1.900000e+02 1.000000e+02


267 5 1
  3.900000e+02 1.900000e+02 1.000000e+02
  4.100000e+02 1.900000e+02 1.000000e+02
  4.100000e+02 2.100000e+02 1.000000e+02
  3.900000e+02 2.100000e+02 1.000000e+02
  3.900000e+02 1.900000e+02 1.000000e+02


268 5 1
  4.900000e+02 1.900000e+02 1.000000e+02
  5.100000e+02 1.900000e+02 1.000000e+02
  5.100000e+02 2.100000e+02 1.000000e+02
  4.900000e+02 2.100000e+02 1.000000e+02
  4.900000e+02 1.900000e+02 1.000000e+02


269 5 1
  5.900000e+02 1.900000e+02 1.000000e+02
  6.100000e+02 1.900000e+02 1.000000e+02
  6.100000e+02 2.100000e+02 1.000000e+02
  5.900000e+02 2.100000e+02 1.000000e+02
  5.900000e+02 1.900000e+02 1.000000e+02


270 5 1
  6.900000e+02 1.900000e+02 1.000000e+02
  7.100000e+02 1.900000e+02 1.000000e+02
  7.100000e+02 2.100000e+02 1.000000e+02
  6.900000e+02 2.100000e+02 1.000000e+02
  6.900000e+02 1.900000e+02 1.000000e+02


271 5 1
  7.900000e+02 1.900000e+02 1.000000e+02
  8.100000e+02 1.900000e+02 1.000000e+02
  8.100000e+02 2.100000e+02 1.000000e+02
  7.900000e+02 2.100000e+02 1.000000e+02
  7.900000e+02 1.900000e+02 1.000000e+02


272 5 1
  8.900000e+02 1.900000e+02 1.000000e+02
  9.100000e+02 1.900000e+02 1.000000e+02
  9.100000e+02 2.100000e+02 1.000000e+02
  8.900000e+02 2.100000e+02 1.000000e+02
  8.900000e+02 1.900000e+02 1.000000e+02


273 5 1
  9.900000e+02 1.900000e+02 1.000000e+02
  1.010000e+03 1.900000e+02 1.000000e+02
  1.010000e+03 2.100000e+02 1.000000e+02
  9.900000e+02 2.100000e+02 1.000000e+02
  9.900000e+02 1.900000e+02 1.000000e+02


274 5 1
  -1.010000e+03 2.900000e+02 1.000000e+02
  -9.900000e+02 2.900000e+02 1.000000e+02
  -9.900000e+02 3.100000e+02 1.000000e+02
  -1.010000e+03 3.100000e+02 1.000000e+02
  -1.010000e+03 2.900000e+02 1.000000e+02


275 5 1
  -9.100000e+02 2.900000e+02 1.000000e+02
  -8.900000e+02 2.900000e+02 1.000000e+02
  -8.900000e+02 3.100000e+02 1.000000e+02
  -9.100000e+02 3.100000e+02 1.000000e+02
  -9.100000e+02 2.900000e+02 1.000000e+02


276 5 1
  -8.100000e+02 2.900000e+02 1.000000e+02
  -7.900000e+02 2.900000e+02 1.000000e+02
  -7.900000e+02 3.100000e+02 1.000000e+02
  -8.100000e+02 3.100000e+02 1.000000e+02
  -8.100000e+02 2.900000e+02 1.000000e+02


277 5 1
  -7.100000e+02 2.900000e+02 1.000000e+02
  -6.900000e+02 2.900000e+02 1.000000e+02
  -6.900000e+02 3.100000e+02 1.000000e+02
  -7.100000e+02 3.100000e+02 1.000000e+02
  -7.100000e+02 2.900000e+02 1.000000e+02


278 5 1
  -6.100000e+02 2.900000e+02 1.000000e+02
  -5.900000e+02 2.900000e+02 1.000000e+02
  -5.900000e+02 3.100000e+02 1.000000e+02
  -6.100000e+02 3.100000e+02 1.000000e+02
  -6.100000e+02 2.900000e+02 1.000000e+02


279 5 1
  -5.100000e+02 2.900000e+02 1.000000e+02
  -4.900000e+02 2.900000e+02 1.000000e+02
  -4.900000e+02 3.100000e+02 1.000000e+02
  -5.100000e+02 3.100000e+02 1.000000e+02
  -5.100000e+02 2.900000e+02 1.000000e+02


280 5 1
  -4.100000e+02 2.900000e+02 1.000000e+02
  -3.900000e+02 2.900000e+02 1.000000e+02
  -3.900000e+02 3.100000e+02 1.000000e+02
  -4.100000e+02 3.100000e+02 1.000000e+02
  -4.100000e+02 2.900000e+02 1.000000e+02


281 5 1
  -3.100000e+02 2.900000e+02 1.000000e+02
  -2.900000e+02 2.900000e+02 1.000000e+02
  -2.900000e+02 3.100000e+02 1.000000e+02
  -3.100000e+02 3.100000e+02 1.000000e+02
  -3.100000e+02 2.900000e+02 1.000000e+02


282 5 1
  -2.100000e+02 2.900000e+02 1.000000e+02
  -1.900000e+02 2.900000e+02 1.000000e+02
  -1.900000e+02 3.100000e+02 1.000000e+02
  -2.100000e+02 3.100000e+02 1.000000e+02
  -2.100000e+02 2.900000e+02 1.000000e+02


283 5 1
  -1.100000e+02 2.900000e+02 1.000000e+02
  -9.000000e+01 2.900000e+02 1.000000e+02
  -9.000000e+01 3.100000e+02 1.000000e+02
  -1.100000e+02 3.100000e+02 1.000000e+02
  -1.100000e+02 2.900000e+02 1.000000e+02


284 5 1
  -1.000000e+01 2.900000e+02 1.000000e+02
  1.000000e+01 2.900000e+02 1.000000e+02
  1.000000e+01 3.100000e+02 1.000000e+02
  -1.000000e+01 3.100000e+02 1.000000e+02
  -1.000000e+01 2.900000e+02 1.000000e+02


285 5 1
  9.000000e+01 2.900000e+02 1.000000e+02
  1.100000e+02 2.900000e+02 1.000000e+02
  1.100000e+02 3.100000e+02 1.000000e+02
  9.000000e+01 3.100000e+02 1.000000e+02
  9.000000e+01 2.900000e+02 1.000000e+02


286 5 1
  1.900000e+02 2.900000e+02 1.000000e+02
  2.100000e+02 2.900000e+02 1.000000e+02
  2.100000e+02 3.100000e+02 1.000000e+02
  1.900000e+02 3.100000e+02 1.000000e+02
  1.900000e+02 2.900000e+02 1.000000e+02


287 5 1
  2.900000e+02 2.900000e+02 1.000000e+02
  3.100000e+02 2.900000e+02 1.000000e+02
  3.100000e+02 3.100000e+02 1.000000e+02
  2.900000e+02 3.100000e+02 1.000000e+02
  2.900000e+02 2.900000e+02 1.000000e+02


288 5 1
  3.900000e+02 2.900000e+02 1.000000e+02
  4.100000e+02 2.900000e+02 1.000000e+02
  4.100000e+02 3.100000e+02 1.000000e+02
  3.900000e+02 3.100000e+02 1.000000e+02
  3.900000e+02 2.900000e+02 1.000000e+02


289 5 1
  4.900000e+02 2.900000e+02 1.000000e+02
  5.100000e+02 2.900000e+02 1.000000e+02
  5.100000e+02 3.100000e+02 1.000000e+02
  4.900000e+02 3.100000e+02 1.000000e+02
  4.900000e+02 2.900000e+02 1.000000e+02


290 5 1
  5.900000e+02 2.900000e+02 1.000000e+02
  6.100000e+02 2.900000e+02 1.000000e+02
  6.100000e+02 3.100000e+02 1.000000e+02
  5.900000e+02 3.100000e+02 1.000000e+02
  5.900000e+02 2.900000e+02 1.000000e+02


291 5 1
  6.900000e+02 2.900000e+02 1.000000e+02
  7.100000e+02 2.900000e+02 1.000000e+02
  7.100000e+02 3.100000e+02 1.000000e+02
  6.900000e+02 3.100000e+02 1.000000e+02
  6.900000e+02 2.900000e+02 1.000000e+02


292 5 1
  7.900000e+02 2.900000e+02 1.000000e+02
  8.100000e+02 2.900000e+02 1.000000e+02
  8.100000e+02 3.100000e+02 1.000000e+02
  7.900000e+02 3.100000e+02 1.000000e+02
  7.900000e+02 2.900000e+02 1.000000e+02


293 5 1
  8.900000e+02 2.900000e+02 1.000000e+02
  9.100000e+02 2.900000e+02 1.000000e+02
  9.100000e+02 3.100000e+02 1.000000e+02
  8.900000e+02 3.100000e+02 1.000000e+02
  8.900000e+02 2.900000e+02 1.000000e+02


294 5 1
  9.900000e+02 2.900000e+02 1.000000e+02
  1.010000e+03 2.900000e+02 1.000000e+02
  1.010000e+03 3.100000e+02 1.000000e+02
  9.900000e+02 3.100000e+02 1.000000e+02
  9.900000e+02 2.900000e+02 1.000000e+02


295 5 1
  -1.010000e+03 3.900000e+02 1.000000e+02
  -9.900000e+02 3.900000e+02 1.000000e+02
  -9.900000e+02 4.100000e+02 1.000000e+02
  -1.010000e+03 4.100000e+02 1.000000e+02
  -1.010000e+03 3.900000e+02 1.000000e+02


296 5 1
  -9.100000e+02 3.900000e+02 1.000000e+02
  -8.900000e+02 3.900000e+02 1.000000e+02
  -8.900000e+02 4.100000e+02 1.000000e+02
  -9.100000e+02 4.100000e+02 1.000000e+02
  -9.100000e+02 3.900000e+02 1.000000e+02


297 5 1
  -8.100000e+02 3.900000e+02 1.000000e+02
  -7.900000e+02 3.900000e+02 1.000000e+02
  -7.900000e+02 4.100000e+02 1.000000e+02
  -8.100000e+02 4.100000e+02 1.000000e+02
  -8.100000e+02 3.900000e+02 1.000000e+02


298 5 1
  -7.100000e+02 3.900000e+02 1.000000e+02
  -6.900000e+02 3.900000e+02 1.000000e+02
  -6.900000e+02 4.100000e+02 1.000000e+02
  -7.100000e+02 4.100000e+02 1.000000e+02
  -7.100000e+02 3.900000e+02 1.000000e+02


299 5 1
  -6.100000e+02 3.900000e+02 1.000000e+02
  -5.900000e+02 3.900000e+02 1.000000e+02
  -5.900000e+02 4.100000e+02 1.000000e+02
  -6.100000e+02 4.100000e+02 1.000000e+02
  -6.100000e+02 3.900000e+02 1.000000e+02


300 5 1
  -5.100000e+02 3.900000e+02 1.000000e+02
  -4.900000e+02 3.900000e+02 1.000000e+02
  -4.900000e+02 4.100000e+02 1.000000e+02
  -5.100000e+02 4.100000e+02 1.000000e+02
  -5.100000e+02 3.900000e+02 1.000000e+02


301 5 1
  -4.100000e+02 3.900000e+02 1.000000e+02
  -3.900000e+02 3.900000e+02 1.000000e+02
  -3.900000e+02 4.100000e+02 1.000000e+02
  -4.100000e+02 4.100000e+02 1.000000e+02
  -4.100000e+02 3.900000e+02 1.000000e+02


302 5 1
  -3.100000e+02 3.900000e+02 1.000000e+02
  -2.900000e+02 3.900000e+02 1.000000e+02
  -2.900000e+02 4.100000e+02 1.000000e+02
  -3.100000e+02 4.100000e+02 1.000000e+02
  -3.100000e+02 3.900000e+02 1.000000e+02


303 5 1
  -2.100000e+02 3.900000e+02 1.000000e+02
  -1.900000e+02 3.900000e+02 1.000000e+02
  -1.900000e+02 4.100000e+02 1.000000e+02
  -2.100000e+02 4.100000e+02 1.000000e+02
  -2.100000e+02 3.900000e+02 1.000000e+02


304 5 1
  -1.100000e+02 3.900000e+02 1.000000e+02
  -9.000000e+01 3.900000e+02 1.000000e+02
  -9.000000e+01 4.100000e+02 1.000000e+02
  -1.100000e+02 4.100000e+02 1.000000e+02
  -1.100000e+02 3.900000e+02 1.000000e+02


305 5 1
  -1.000000e+01 3.900000e+02 1.000000e+02
  1.000000e+01 3.900000e+02 1.000000e+02
  1.000000e+01 4.100000e+02 1.000000e+02
  -1.000000e+01 4.100000e+02 1.000000e+02
  -1.000000e+01 3.900000e+02 1.000000e+02


306 5 1
  9.000000e+01 3.900000e+02 1.000000e+02
  1.100000e+02 3.900000e+02 1.000000e+02
  1.100000e+02 4.100000e+02 1.000000e+02
  9.000000e+01 4.100000e+02 1.000000e+02
  9.000000e+01 3.900000e+02 1.000000e+02


307 5 1
  1.900000e+02 3.900000e+02 1.000000e+02
  2.100000e+02 3.900000e+02 1.000000e+02
  2.100000e+02 4.100000e+02 1.000000e+02
  1.900000e+02 4.100000e+02 1.000000e+02
  1.900000e+02 3.900000e+02 1.000000e+02


308 5 1
  2.900000e+02 3.900000e+02 1.000000e+02
  3.100000e+02 3.900000e+02 1.000000e+02
  3.100000e+02 4.100000e+02 1.000000e+02
  2.900000e+02 4.100000e+02 1.000000e+02
  2.900000e+02 3.900000e+02 1.000000e+02


309 5 1
  3.900000e+02 3.900000e+02 1.000000e+02
  4.100000e+02 3.900000e+02 1.000000e+02
  4.100000e+02 4.100000e+02 1.000000e+02
  3.900000e+02 4.100000e+02 1.000000e+02
  3.900000e+02 3.900000e+02 1.000000e+02


310 5 1
  4.900000e+02 3.900000e+02 1.000000e+02
  5.100000e+02 3.900000e+02 1.000000e+02
  5.100000e+02 4.100000e+02 1.000000e+02
  4.900000e+02 4.100000e+02 1.000000e+02
  4.900000e+02 3.900000e+02 1.000000e+02


311 5 1
  5.900000e+02 3.900000e+02 1.000000e+02
  6.100000e+02 3.900000e+02 1.000000e+02
  6.100000e+02 4.100000e+02 1.000000e+02
  5.900000e+02 4.100000e+02 1.000000e+02
  5.900000e+02 3.900000e+02 1.000000e+02


312 5 1
  6.900000e+02 3.900000e+02 1.000000e+02
  7.100000e+02 3.900000e+02 1.000000e+02
  7.100000e+02 4.100000e+02 1.000000e+02
  6.900000e+02 4.100000e+02 1.000000e+02
  6.900000e+02 3.900000e+02 1.000000e+02


313 5 1
  7.900000e+02 3.900000e+02 1.000000e+02
  8.100000e+02 3.900000e+02 1.000000e+02
  8.100000e+02 4.100000e+02 1.000000e+02
  7.900000e+02 4.100000e+02 1.000000e+02
  7.900000e+02 3.900000e+02 1.000000e+02


314 5 1
  8.900000e+02 3.900000e+02 1.000000e+02
  9.100000e+02 3.900000e+02 1.000000e+02
  9.100000e+02 4.100000e+02 1.000000e+02
  8.900000e+02 4.100000e+02 1.000000e+02
  8.900000e+02 3.900000e+02 1.000000e+02


315 5 1
  9.900000e+02 3.900000e+02 1.000000e+02
  1.010000e+03 3.900000e+02 1.000000e+02
  1.010000e+03 4.100000e+02 1.000000e+02
  9.900000e+02 4.100000e+02 1.000000e+02
  9.900000e+02 3.900000e+02 1.000000e+02


316 5 1
  -1.010000e+03 4.900000e+02 1.000000e+02
  -9.900000e+02 4.900000e+02 1.000000e+02
  -9.900000e+02 5.100000e+02 1.000000e+02
  -1.010000e+03 5.100000e+02 1.000000e+02
  -1.010000e+03 4.900000e+02 1.000000e+02


317 5 1
  -9.100000e+02 4.900000e+02 1.000000e+02
  -8.900000e+02 4.900000e+02 1.000000e+02
  -8.900000e+02 5.100000e+02 1.000000e+02
  -9.100000e+02 5.100000e+02 1.000000e+02
  -9.100000e+02 4.900000e+02 1.000000e+02


318 5 1
  -8.100000e+02 4.900000e+02 1.000000e+02
  -7.900000e+02 4.900000e+02 1.000000e+02
  -7.900000e+02 5.100000e+02 1.000000e+02
  -8.100000e+02 5.100000e+02 1.000000e+02
  -8.100000e+02 4.900000e+02 1.000000e+02


319 5 1
  -7.100000e+02 4.900000e+02 1.000000e+02
  -6.900000e+02 4.900000e+02 1.000000e+02
  -6.900000e+02 5.100000e+02 1.000000e+02
  -7.100000e+02 5.100000e+02 1.000000e+02
  -7.100000e+02 4.900000e+02 1.000000e+02


320 5 1
  -6.100000e+02 4.900000e+02 1.000000e+02
  -5.900000e+02 4.900000e+02 1.000000e+02
  -5.900000e+02 5.100000e+02 1.000000e+02
  -6.100000e+02 5.100000e+02 1.000000e+02
  -6.100000e+02 4.900000e+02 1.000000e+02


321 5 1
  -5.100000e+02 4.900000e+02 1.000000e+02
  -4.900000e+02 4.900000e+02 1.000000e+02
  -4.900000e+02 5.100000e+02 1.000000e+02
  -5.100000e+02 5.100000e+02 1.000000e+02
  -5.100000e+02 4.900000e+02 1.000000e+02


322 5 1
  -4.100000e+02 4.900000e+02 1.000000e+02
  -3.900000e+02 4.900000e+02 1.000000e+02
  -3.900000e+02 5.100000e+02 1.000000e+02
  -4.100000e+02 5.100000e+02 1.000000e+02
  -4.100000e+02 4.900000e+02 1.000000e+02


323 5 1
  -3.100000e+02 4.900000e+02 1.000000e+02
  -2.900000e+02 4.900000e+02 1.000000e+02
  -2.900000e+02 5.100000e+02 1.000000e+02
  -3.100000e+02 5.100000e+02 1.000000e+02
  -3.100000e+02 4.900000e+02 1.000000e+02


324 5 1
  -2.100000e+02 4.900000e+02 1.000000e+02
  -1.900000e+02 4.900000e+02 1.000000e+02
  -1.900000e+02 5.100000e+02 1.000000e+02
  -2.100000e+02 5.100000e+02 1.000000e+02
  -2.100000e+02 4.900000e+02 1.000000e+02


325 5 1
  -1.100000e+02 4.900000e+02 1.000000e+02
  -9.000000e+01 4.900000e+02 1.000000e+02
  -9.000000e+01 5.100000e+02 1.000000e+02
  -1.100000e+02 5.100000e+02 1.000000e+02
  -1.100000e+02 4.900000e+02 1.000000e+02


326 5 1
  -1.000000e+01 4.900000e+02 1.000000e+02
  1.000000e+01 4.900000e+02 1.000000e+02
  1.000000e+01 5.100000e+02 1.000000e+02
  -1.000000e+01 5.100000e+02 1.000000e+02
  -1.000000e+01 4.900000e+02 1.000000e+02


327 5 1
  9.000000e+01 4.900000e+02 1.000000e+02
  1.100000e+02 4.900000e+02 1.000000e+02
  1.100000e+02 5.100000e+02 1.000000e+02
  9.000000e+01 5.100000e+02 1.000000e+02
  9.000000e+01 4.900000e+02 1.000000e+02


328 5 1
  1.900000e+02 4.900000e+02 1.000000e+02
  2.100000e+02 4.900000e+02 1.000000e+02
  2.100000e+02 5.100000e+02 1.000000e+02
  1.900000e+02 5.100000e+02 1.000000e+02
  1.900000e+02 4.900000e+02 1.000000e+02


329 5 1
  2.900000e+02 4.900000e+02 1.000000e+02
  3.100000e+02 4.900000e+02 1.000000e+02
  3.100000e+02 5.100000e+02 1.000000e+02
  2.900000e+02 5.100000e+02 1.000000e+02
  2.900000e+02 4.900000e+02 1.000000e+02


330 5 1
  3.900000e+02 4.900000e+02 1.000000e+02
  4.100000e+02 4.900000e+02 1.000000e+02
  4.100000e+02 5.100000e+02 1.000000e+02
  3.900000e+02 5.100000e+02 1.000000e+02
  3.900000e+02 4.900000e+02 1.000000e+02


331 5 1
  4.900000e+02 4.900000e+02 1.000000e+02
  5.100000e+02 4.900000e+02 1.000000e+02
  5.100000e+02 5.100000e+02 1.000000e+02
  4.900000e+02 5.100000e+02 1.000000e+02
  4.900000e+02 4.900000e+02 1.000000e+02


332 5 1
  5.900000e+02 4.900000e+02 1.000000e+02
  6.100000e+02 4.900000e+02 1.000000e+02
  6.100000e+02 5.100000e+02 1.000000e+02
  5.900000e+02 5.100000e+02 1.000000e+02
  5.900000e+02 4.900000e+02 1.000000e+02


333 5 1
  6.900000e+02 4.900000e+02 1.000000e+02
  7.100000e+02 4.900000e+02 1.000000e+02
  7.100000e+02 5.100000e+02 1.000000e+02
  6.900000e+02 5.100000e+02 1.000000e+02
  6.900000e+02 4.900000e+02 1.000000e+02


334 5 1
  7.900000e+02 4.900000e+02 1.000000e+02
  8.100000e+02 4.900000e+02 1.000000e+02
  8.100000e+02 5.100000e+02 1.000000e+02
  7.900000e+02 5.100000e+02 1.000000e+02
  7.900000e+02 4.900000e+02 1.000000e+02


335 5 1
  8.900000e+02 4.900000e+02 1.000000e+02
  9.100000e+02 4.900000e+02 1.000000e+02
  9.100000e+02 5.100000e+02 1.000000e+02
  8.900000e+02 5.100000e+02 1.000000e+02
  8.900000e+02 4.900000e+02 1.000000e+02


336 5 1
  9.900000e+02 4.900000e+02 1.000000e+02
  1.010000e+03 4.900000e+02 1.000000e+02
  1.010000e+03 5.100000e+02 1.000000e+02
  9.900000e+02 5.100000e+02 1.000000e+02
  9.900000e+02 4.900000e+02 1.000000e+02


337 5 1
  -1.010000e+03 5.900000e+02 1.000000e+02
  -9.900000e+02 5.900000e+02 1.000000e+02
  -9.900000e+02 6.100000e+02 1.000000e+02
  -1.010000e+03 6.100000e+02 1.000000e+02
  -1.010000e+03 5.900000e+02 1.000000e+02


338 5 1
  -9.100000e+02 5.900000e+02 1.000000e+02
  -8.900000e+02 5.900000e+02 1.000000e+02
  -8.900000e+02 6.100000e+02 1.000000e+02
  -9.100000e+02 6.100000e+02 1.000000e+02
  -9.100000e+02 5.900000e+02 1.000000e+02


339 5 1
  -8.100000e+02 5.900000e+02 1.000000e+02
  -7.900000e+02 5.900000e+02 1.000000e+02
  -7.900000e+02 6.100000e+02 1.000000e+02
  -8.100000e+02 6.100000e+02 1.000000e+02
  -8.100000e+02 5.900000e+02 1.000000e+02


340 5 1
  -7.100000e+02 5.900000e+02 1.000000e+02
  -6.900000e+02 5.900000e+02 1.000000e+02
  -6.900000e+02 6.100000e+02 1.000000e+02
  -7.100000e+02 6.100000e+02 1.000000e+02
  -7.100000e+02 5.900000e+02 1.000000e+02


341 5 1
  -6.100000e+02 5.900000e+02 1.000000e+02
  -5.900000e+02 5.900000e+02 1.000000e+02
  -5.900000e+02 6.100000e+02 1.000000e+02
  -6.100000e+02 6.100000e+02 1.000000e+02
  -6.100000e+02 5.900000e+02 1.000000e+02


342 5 1
  -5.100000e+02 5.900000e+02 1.000000e+02
  -4.900000e+02 5.900000e+02 1.000000e+02
  -4.900000e+02 6.100000e+02 1.000000e+02
  -5.100000e+02 6.100000e+02 1.000000e+02
  -5.100000e+02 5.900000e+02 1.000000e+02


343 5 1
  -4.100000e+02 5.900000e+02 1.000000e+02
  -3.900000e+02 5.900000e+02 1.000000e+02
  -3.900000e+02 6.100000e+02 1.000000e+02
  -4.100000e+02 6.100000e+02 1.000000e+02
  -4.100000e+02 5.900000e+02 1.000000e+02


344 5 1
  -3.100000e+02 5.900000e+02 1.000000e+02
  -2.900000e+02 5.900000e+02 1.000000e+02
  -2.900000e+02 6.100000e+02 1.000000e+02
  -3.100000e+02 6.100000e+02 1.000000e+02
  -3.100000e+02 5.900000e+02 1.000000e+02


345 5 1
  -2.100000e+02 5.900000e+02 1.000000e+02
  -1.900000e+02 5.900000e+02 1.000000e+02
  -1.900000e+02 6.100000e+02 1.000000e+02
  -2.100000e+02 6.100000e+02 1.000000e+02
  -2.100000e+02 5.900000e+02 1.000000e+02


346 5 1
  -1.100000e+02 5.900000e+02 1.000000e+02
  -9.000000e+01 5.900000e+02 1.000000e+02
  -9.000000e+01 6.100000e+02 1.000000e+02
  -1.100000e+02 6.100000e+02 1.000000e+02
  -1.100000e+02 5.900000e+02 1.000000e+02


347 5 1
  -1.000000e+01 5.900000e+02 1.000000e+02
  1.000000e+01 5.900000e+02 1.000000e+02
  1.000000e+01 6.100000e+02 1.000000e+02
  -1.000000e+01 6.100000e+02 1.000000e+02
  -1.000000e+01 5.900000e+02 1.000000e+02


348 5 1
  9.000000e+01 5.900000e+02 1.000000e+02
  1.100000e+02 5.900000e+02 1.000000e+02
  1.100000e+02 6.100000e+02 1.000000e+02
  9.000000e+01 6.100000e+02 1.000000e+02
  9.000000e+01 5.900000e+02 1.000000e+02


349 5 1
  1.900000e+02 5.900000e+02 1.000000e+02
  2.100000e+02 5.900000e+02 1.000000e+02
  2.100000e+02 6.100000e+02 1.000000e+02
  1.900000e+02 6.100000e+02 1.000000e+02
  1.900000e+02 5.900000e+02 1.000000e+02


350 5 1
  2.900000e+02 5.900000e+02 1.000000e+02
  3.100000e+02 5.900000e+02 1.000000e+02
  3.100000e+02 6.100000e+02 1.000000e+02
  2.900000e+02 6.100000e+02 1.000000e+02
  2.900000e+02 5.900000e+02 1.000000e+02


351 5 1
  3.900000e+02 5.900000e+02 1.000000e+02
  4.100000e+02 5.900000e+02 1.000000e+02
  4.100000e+02 6.100000e+02 1.000000e+02
  3.900000e+02 6.100000e+02 1.000000e+02
  3.900000e+02 5.900000e+02 1.000000e+02


352 5 1
  4.900000e+02 5.900000e+02 1.000000e+02
  5.100000e+02 5.900000e+02 1.000000e+02
  5.100000e+02 6.100000e+02 1.000000e+02
  4.900000e+02 6.100000e+02 1.000000e+02
  4.900000e+02 5.900000e+02 1.000000e+02


353 5 1
  5.900000e+02 5.900000e+02 1.000000e+02
  6.100000e+02 5.900000e+02 1.000000e+02
  6.100000e+02 6.100000e+02 1.000000e+02
  5.900000e+02 6.100000e+02 1.000000e+02
  5.900000e+02 5.900000e+02 1.000000e+02


354 5 1
  6.900000e+02 5.900000e+02 1.000000e+02
  7.100000e+02 5.900000e+02 1.000000e+02
  7.100000e+02 6.100000e+02 1.000000e+02
  6.900000e+02 6.100000e+02 1.000000e+02
  6.900000e+02 5.900000e+02 1.000000e+02


355 5 1
  7.900000e+02 5.900000e+02 1.000000e+02
  8.100000e+02 5.900000e+02 1.000000e+02
  8.100000e+02 6.100000e+02 1.000000e+02
  7.900000e+02 6.100000e+02 1.000000e+02
  7.900000e+02 5.900000e+02 1.000000e+02


356 5 1
  8.900000e+02 5.900000e+02 1.000000e+02
  9.100000e+02 5.900000e+02 1.000000e+02
  9.100000e+02 6.100000e+02 1.000000e+02
  8.900000e+02 6.100000e+02 1.000000e+02
  8.900000e+02 5.900000e+02 1.000000e+02


357 5 1
  9.900000e+02 5.900000e+02 1.000000e+02
  1.010000e+03 5.900000e+02 1.000000e+02
  1.010000e+03 6.100000e+02 1.000000e+02
  9.900000e+02 6.100000e+02 1.000000e+02
  9.900000e+02 5.900000e+02 1.000000e+02


358 5 1
  -1.010000e+03 6.900000e+02 1.000000e+02
  -9.900000e+02 6.900000e+02 1.000000e+02
  -9.900000e+02 7.100000e+02 1.000000e+02
  -1.010000e+03 7.100000e+02 1.000000e+02
  -1.010000e+03 6.900000e+02 1.000000e+02


359 5 1
  -9.100000e+02 6.900000e+02 1.000000e+02
  -8.900000e+02 6.900000e+02 1.000000e+02
  -8.900000e+02 7.100000e+02 1.000000e+02
  -9.100000e+02 7.100000e+02 1.000000e+02
  -9.100000e+02 6.900000e+02 1.000000e+02


360 5 1
  -8.100000e+02 6.900000e+02 1.000000e+02
  -7.900000e+02 6.900000e+02 1.000000e+02
  -7.900000e+02 7.100000e+02 1.000000e+02
  -8.100000e+02 7.100000e+02 1.000000e+02
  -8.100000e+02 6.900000e+02 1.000000e+02


361 5 1
  -7.100000e+02 6.900000e+02 1.000000e+02
  -6.900000e+02 6.900000e+02 1.000000e+02
  -6.900000e+02 7.100000e+02 1.000000e+02
  -7.100000e+02 7.100000e+02 1.000000e+02
  -7.100000e+02 6.900000e+02 1.000000e+02


362 5 1
  -6.100000e+02 6.900000e+02 1.000000e+02
  -5.900000e+02 6.900000e+02 1.000000e+02
  -5.900000e+02 7.100000e+02 1.000000e+02
  -6.100000e+02 7.100000e+02 1.000000e+02
  -6.100000e+02 6.900000e+02 1.000000e+02


363 5 1
  -5.100000e+02 6.900000e+02 1.000000e+02
  -4.900000e+02 6.900000e+02 1.000000e+02
  -4.900000e+02 7.100000e+02 1.000000e+02
  -5.100000e+02 7.100000e+02 1.000000e+02
  -5.100000e+02 6.900000e+02 1.000000e+02


364 5 1
  -4.100000e+02 6.900000e+02 1.000000e+02
  -3.900000e+02 6.900000e+02 1.000000e+02
  -3.900000e+02 7.100000e+02 1.000000e+02
  -4.100000e+02 7.100000e+02 1.000000e+02
  -4.100000e+02 6.900000e+02 1.000000e+02


365 5 1
  -3.100000e+02 6.900000e+02 1.000000e+02
  -2.900000e+02 6.900000e+02 1.000000e+02
  -2.900000e+02 7.100000e+02 1.000000e+02
  -3.100000e+02 7.100000e+02 1.000000e+02
  -3.100000e+02 6.900000e+02 1.000000e+02


366 5 1
  -2.100000e+02 6.900000e+02 1.000000e+02
  -1.900000e+02 6.900000e+02 1.000000e+02
  -1.900000e+02 7.100000e+02 1.000000e+02
  -2.100000e+02 7.100000e+02 1.000000e+02
  -2.100000e+02 6.900000e+02 1.000000e+02


367 5 1
  -1.100000e+02 6.900000e+02 1.000000e+02
  -9.000000e+01 6.900000e+02 1.000000e+02
  -9.000000e+01 7.100000e+02 1.000000e+02
  -1.100000e+02 7.100000e+02 1.000000e+02
  -1.100000e+02 6.900000e+02 1.000000e+02


368 5 1
  -1.000000e+01 6.900000e+02 1.000000e+02
  1.000000e+01 6.900000e+02 1.000000e+02
  1.000000e+01 7.100000e+02 1.000000e+02
  -1.000000e+01 7.100000e+02 1.000000e+02
  -1.000000e+01 6.900000e+02 1.000000e+02


369 5 1
  9.000000e+01 6.900000e+02 1.000000e+02
  1.100000e+02 6.900000e+02 1.000000e+02
  1.100000e+02 7.100000e+02 1.000000e+02
  9.000000e+01 7.100000e+02 1.000000e+02
  9.000000e+01 6.900000e+02 1.000000e+02


370 5 1
  1.900000e+02 6.900000e+02 1.000000e+02
  2.100000e+02 6.900000e+02 1.000000e+02
  2.100000e+02 7.100000e+02 1.000000e+02
  1.900000e+02 7.100000e+02 1.000000e+02
  1.900000e+02 6.900000e+02 1.000000e+02


371 5 1
  2.900000e+02 6.900000e+02 1.000000e+02
  3.100000e+02 6.900000e+02 1.000000e+02
  3.100000e+02 7.100000e+02 1.000000e+02
  2.900000e+02 7.100000e+02 1.000000e+02
  2.900000e+02 6.900000e+02 1.000000e+02


372 5 1
  3.900000e+02 6.900000e+02 1.000000e+02
  4.100000e+02 6.900000e+02 1.000000e+02
  4.100000e+02 7.100000e+02 1.000000e+02
  3.900000e+02 7.100000e+02 1.000000e+02
  3.900000e+02 6.900000e+02 1.000000e+02


373 5 1
  4.900000e+02 6.900000e+02 1.000000e+02
  5.100000e+02 6.900000e+02 1.000000e+02
  5.100000e+02 7.100000e+02 1.000000e+02
  4.900000e+02 7.100000e+02 1.000000e+02
  4.900000e+02 6.900000e+02 1.000000e+02


374 5 1
  5.900000e+02 6.900000e+02 1.000000e+02
  6.100000e+02 6.900000e+02 1.000000e+02
  6.100000e+02 7.100000e+02 1.000000e+02
  5.900000e+02 7.100000e+02 1.000000e+02
  5.900000e+02 6.900000e+02 1.000000e+02


375 5 1
  6.900000e+02 6.900000e+02 1.000000e+02
  7.100000e+02 6.900000e+02 1.000000e+02
  7.100000e+02 7.100000e+02 1.000000e+02
  6.900000e+02 7.100000e+02 1.000000e+02
  6.900000e+02 6.900000e+02 1.000000e+02


376 5 1
  7.900000e+02 6.900000e+02 1.000000e+02
  8.100000e+02 6.900000e+02 1.000000e+02
  8.100000e+02 7.100000e+02 1.000000e+02
  7.900000e+02 7.100000e+02 1.000000e+02
  7.900000e+02 6.900000e+02 1.000000e+02


377 5 1
  8.900000e+02 6.900000e+02 1.000000e+02
  9.100000e+02 6.900000e+02 1.000000e+02
  9.100000e+02 7.100000e+02 1.000000e+02
  8.900000e+02 7.100000e+02 1.000000e+02
  8.900000e+02 6.900000e+02 1.000000e+02


378 5 1
  9.900000e+02 6.900000e+02 1.000000e+02
  1.010000e+03 6.900000e+02 1.000000e+02
  1.010000e+03 7.100000e+02 1.000000e+02
  9.900000e+02 7.100000e+02 1.000000e+02
  9.900000e+02 6.900000e+02 1.000000e+02


379 5 1
  -1.010000e+03 7.900000e+02 1.000000e+02
  -9.900000e+02 7.900000e+02 1.000000e+02
  -9.900000e+02 8.100000e+02 1.000000e+02
  -1.010000e+03 8.100000e+02 1.000000e+02
  -1.010000e+03 7.900000e+02 1.000000e+02


380 5 1
  -9.100000e+02 7.900000e+02 1.000000e+02
  -8.900000e+02 7.900000e+02 1.000000e+02
  -8.900000e+02 8.100000e+02 1.000000e+02
  -9.100000e+02 8.100000e+02 1.000000e+02
  -9.100000e+02 7.900000e+02 1.000000e+02


381 5 1
  -8.100000e+02 7.900000e+02 1.000000e+02
  -7.900000e+02 7.900000e+02 1.000000e+02
  -7.900000e+02 8.100000e+02 1.000000e+02
  -8.100000e+02 8.100000e+02 1.000000e+02
  -8.100000e+02 7.900000e+02 1.000000e+02


382 5 1
  -7.100000e+02 7.900000e+02 1.000000e+02
  -6.900000e+02 7.900000e+02 1.000000e+02
  -6.900000e+02 8.100000e+02 1.000000e+02
  -7.100000e+02 8.100000e+02 1.000000e+02
  -7.100000e+02 7.900000e+02 1.000000e+02


383 5 1
  -6.100000e+02 7.900000e+02 1.000000e+02
  -5.900000e+02 7.900000e+02 1.000000e+02
  -5.900000e+02 8.100000e+02 1.000000e+02
  -6.100000e+02 8.100000e+02 1.000000e+02
  -6.100000e+02 7.900000e+02 1.000000e+02


384 5 1
  -5.100000e+02 7.900000e+02 1.000000e+02
  -4.900000e+02 7.900000e+02 1.000000e+02
  -4.900000e+02 8.100000e+02 1.000000e+02
  -5.100000e+02 8.100000e+02 1.000000e+02
  -5.100000e+02 7.900000e+02 1.000000e+02


385 5 1
  -4.100000e+02 7.900000e+02 1.000000e+02
  -3.900000e+02 7.900000e+02 1.000000e+02
  -3.900000e+02 8.100000e+02 1.000000e+02
  -4.100000e+02 8.100000e+02 1.000000e+02
  -4.100000e+02 7.900000e+02 1.000000e+02


386 5 1
  -3.100000e+02 7.900000e+02 1.000000e+02
  -2.900000e+02 7.900000e+02 1.000000e+02
  -2.900000e+02 8.100000e+02 1.000000e+02
  -3.100000e+02 8.100000e+02 1.000000e+02
  -3.100000e+02 7.900000e+02 1.000000e+02


387 5 1
  -2.100000e+02 7.900000e+02 1.000000e+02
  -1.900000e+02 7.900000e+02 1.000000e+02
  -1.900000e+02 8.100000e+02 1.000000e+02
  -2.100000e+02 8.100000e+02 1.000000e+02
  -2.100000e+02 7.900000e+02 1.000000e+02


388 5 1
  -1.100000e+02 7.900000e+02 1.000000e+02
  -9.000000e+01 7.900000e+02 1.000000e+02
  -9.000000e+01 8.100000e+02 1.000000e+02
  -1.100000e+02 8.100000e+02 1.000000e+02
  -1.100000e+02 7.900000e+02 1.000000e+02


389 5 1
  -1.000000e+01 7.900000e+02 1.000000e+02
  1.000000e+01 7.900000e+02 1.000000e+02
  1.000000e+01 8.100000e+02 1.000000e+02
  -1.000000e+01 8.100000e+02 1.000000e+02
  -1.000000e+01 7.900000e+02 1.000000e+02


390 5 1
  9.000000e+01 7.900000e+02 1.000000e+02
  1.100000e+02 7.900000e+02 1.000000e+02
  1.100000e+02 8.100000e+02 1.000000e+02
  9.000000e+01 8.100000e+02 1.000000e+02
  9.000000e+01 7.900000e+02 1.000000e+02


391 5 1
  1.900000e+02 7.900000e+02 1.000000e+02
  2.100000e+02 7.900000e+02 1.000000e+02
  2.100000e+02 8.100000e+02 1.000000e+02
  1.900000e+02 8.100000e+02 1.000000e+02
  1.900000e+02 7.900000e+02 1.000000e+02


392 5 1
  2.900000e+02 7.900000e+02 1.000000e+02
  3.100000e+02 7.900000e+02 1.000000e+02
  3.100000e+02 8.100000e+02 1.000000e+02
  2.900000e+02 8.100000e+02 1.000000e+02
  2.900000e+02 7.900000e+02 1.000000e+02


393 5 1
  3.900000e+02 7.900000e+02 1.000000e+02
  4.100000e+02 7.900000e+02 1.000000e+02
  4.100000e+02 8.100000e+02 1.000000e+02
  3.900000e+02 8.100000e+02 1.000000e+02
  3.900000e+02 7.900000e+02 1.000000e+02


394 5 1
  4.900000e+02 7.900000e+02 1.000000e+02
  5.100000e+02 7.900000e+02 1.000000e+02
  5.100000e+02 8.100000e+02 1.000000e+02
  4.900000e+02 8.100000e+02 1.000000e+02
  4.900000e+02 7.900000e+02 1.000000e+02


395 5 1
  5.900000e+02 7.900000e+02 1.000000e+02
  6.100000e+02 7.900000e+02 1.000000e+02
  6.100000e+02 8.100000e+02 1.000000e+02
  5.900000e+02 8.100000e+02 1.000000e+02
  5.900000e+02 7.900000e+02 1.000000e+02


396 5 1
  6.900000e+02 7.900000e+02 1.000000e+02
  7.100000e+02 7.900000e+02 1.000000e+02
  7.100000e+02 8.100000e+02 1.000000e+02
  6.900000e+02 8.100000e+02 1.000000e+02
  6.900000e+02 7.900000e+02 1.000000e+02


397 5 1
  7.900000e+02 7.900000e+02 1.000000e+02
  8.100000e+02 7.900000e+02 1.000000e+02
  8.100000e+02 8.100000e+02 1.000000e+02
  7.900000e+02 8.100000e+02 1.000000e+02
  7.900000e+02 7.900000e+02 1.000000e+02


398 5 1
  8.900000e+02 7.900000e+02 1.000000e+02
  9.100000e+02 7.900000e+02 1.000000e+02
  9.100000e+02 8.100000e+02 1.000000e+02
  8.900000e+02 8.100000e+02 1.000000e+02
  8.900000e+02 7.900000e+02 1.000000e+02


399 5 1
  9.900000e+02 7.900000e+02 1.000000e+02
  1.010000e+03 7.900000e+02 1.000000e+02
  1.010000e+03 8.100000e+02 1.000000e+02
  9.900000e+02 8.100000e+02 1.000000e+02
  9.900000e+02 7.900000e+02 1.000000e+02


400 5 1
  -1.010000e+03 8.900000e+02 1.000000e+02
  -9.900000e+02 8.900000e+02 1.000000e+02
  -9.900000e+02 9.100000e+02 1.000000e+02
  -1.010000e+03 9.100000e+02 1.000000e+02
  -1.010000e+03 8.900000e+02 1.000000e+02


401 5 1
  -9.100000e+02 8.900000e+02 1.000000e+02
  -8.900000e+02 8.900000e+02 1.000000e+02
  -8.900000e+02 9.100000e+02 1.000000e+02
  -9.100000e+02 9.100000e+02 1.000000e+02
  -9.100000e+02 8.900000e+02 1.000000e+02


402 5 1
  -8.100000e+02 8.900000e+02 1.000000e+02
  -7.900000e+02 8.900000e+02 1.000000e+02
  -7.900000e+02 9.100000e+02 1.000000e+02
  -8.100000e+02 9.100000e+02 1.000000e+02
  -8.100000e+02 8.900000e+02 1.000000e+02


403 5 1
  -7.100000e+02 8.900000e+02 1.000000e+02
  -6.900000e+02 8.900000e+02 1.000000e+02
  -6.900000e+02 9.100000e+02 1.000000e+02
  -7.100000e+02 9.100000e+02 1.000000e+02
  -7.100000e+02 8.900000e+02 1.000000e+02


404 5 1
  -6.100000e+02 8.900000e+02 1.000000e+02
  -5.900000e+02 8.900000e+02 1.000000e+02
  -5.900000e+02 9.100000e+02 1.000000e+02
  -6.100000e+02 9.100000e+02 1.000000e+02
  -6.100000e+02 8.900000e+02 1.000000e+02


405 5 1
  -5.100000e+02 8.900000e+02 1.000000e+02
  -4.900000e+02 8.900000e+02 1.000000e+02
  -4.900000e+02 9.100000e+02 1.000000e+02
  -5.100000e+02 9.100000e+02 1.000000e+02
  -5.100000e+02 8.900000e+02 1.000000e+02


406 5 1
  -4.100000e+02 8.900000e+02 1.000000e+02
  -3.900000e+02 8.900000e+02 1.000000e+02
  -3.900000e+02 9.100000e+02 1.000000e+02
  -4.100000e+02 9.100000e+02 1.000000e+02
  -4.100000e+02 8.900000e+02 1.000000e+02


407 5 1
  -3.100000e+02 8.900000e+02 1.000000e+02
  -2.900000e+02 8.900000e+02 1.000000e+02
  -2.900000e+02 9.100000e+02 1.000000e+02
  -3.100000e+02 9.100000e+02 1.000000e+02
  -3.100000e+02 8.900000e+02 1.000000e+02


408 5 1
  -2.100000e+02 8.900000e+02 1.000000e+02
  -1.900000e+02 8.900000e+02 1.000000e+02
  -1.900000e+02 9.100000e+02 1.000000e+02
  -2.100000e+02 9.100000e+02 1.000000e+02
  -2.100000e+02 8.900000e+02 1.000000e+02


409 5 1
  -1.100000e+02 8.900000e+02 1.000000e+02
  -9.000000e+01 8.900000e+02 1.000000e+02
  -9.000000e+01 9.100000e+02 1.000000e+02
  -1.100000e+02 9.100000e+02 1.000000e+02
  -1.100000e+02 8.900000e+02 1.000000e+02


410 5 1
  -1.000000e+01 8.900000e+02 1.000000e+02
  1.000000e+01 8.900000e+02 1.000000e+02
  1.000000e+01 9.100000e+02 1.000000e+02
  -1.000000e+01 9.100000e+02 1.000000e+02
  -1.000000e+01 8.900000e+02 1.000000e+02


411 5 1
  9.000000e+01 8.900000e+02 1.000000e+02
  1.100000e+02 8.900000e+02 1.000000e+02
  1.100000e+02 9.100000e+02 1.000000e+02
  9.000000e+01 9.100000e+02 1.000000e+02
  9.000000e+01 8.900000e+02 1.000000e+02


412 5 1
  1.900000e+02 8.900000e+02 1.000000e+02
  2.100000e+02 8.900000e+02 1.000000e+02
  2.100000e+02 9.100000e+02 1.000000e+02
  1.900000e+02 9.100000e+02 1.000000e+02
  1.900000e+02 8.900000e+02 1.000000e+02


413 5 1
  2.900000e+02 8.900000e+02 1.000000e+02
  3.100000e+02 8.900000e+02 1.000000e+02
  3.100000e+02 9.100000e+02 1.000000e+02
  2.900000e+02 9.100000e+02 1.000000e+02
  2.900000e+02 8.900000e+02 1.000000e+02


414 5 1
  3.900000e+02 8.900000e+02 1.000000e+02
  4.100000e+02 8.900000e+02 1.000000e+02
  4.100000e+02 9.100000e+02 1.000000e+02
  3.900000e+02 9.100000e+02 1.000000e+02
  3.900000e+02 8.900000e+02 1.000000e+02


415 5 1
  4.900000e+02 8.900000e+02 1.000000e+02
  5.100000e+02 8.900000e+02 1.000000e+02
  5.100000e+02 9.100000e+02 1.000000e+02
  4.900000e+02 9.100000e+02 1.000000e+02
  4.900000e+02 8.900000e+02 1.000000e+02


416 5 1
  5.900000e+02 8.900000e+02 1.000000e+02
  6.100000e+02 8.900000e+02 1.000000e+02
  6.100000e+02 9.100000e+02 1.000000e+02
  5.900000e+02 9.100000e+02 1.000000e+02
  5.900000e+02 8.900000e+02 1.000000e+02


417 5 1
  6.900000e+02 8.900000e+02 1.000000e+02
  7.100000e+02 8.900000e+02 1.000000e+02
  7.100000e+02 9.100000e+02 1.000000e+02
  6.900000e+02 9.100000e+02 1.000000e+02
  6.900000e+02 8.900000e+02 1.000000e+02


418 5 1
  7.900000e+02 8.900000e+02 1.000000e+02
  8.100000e+02 8.900000e+02 1.000000e+02
  8.100000e+02 9.100000e+02 1.000000e+02
  7.900000e+02 9.100000e+02 1.000000e+02
  7.900000e+02 8.900000e+02 1.000000e+02


419 5 1
  8.900000e+02 8.900000e+02 1.000000e+02
  9.100000e+02 8.900000e+02 1.000000e+02
  9.100000e+02 9.100000e+02 1.000000e+02
  8.900000e+02 9.100000e+02 1.000000e+02
  8.900000e+02 8.900000e+02 1.000000e+02


420 5 1
  9.900000e+02 8.900000e+02 1.000000e+02
  1.010000e+03 8.900000e+02 1.000000e+02
  1.010000e+03 9.100000e+02 1.000000e+02
  9.900000e+02 9.100000e+02 1.000000e+02
  9.900000e+02 8.900000e+02 1.000000e+02


421 5 1
  -1.010000e+03 9.900000e+02 1.000000e+02
  -9.900000e+02 9.900000e+02 1.000000e+02
  -9.900000e+02 1.010000e+03 1.000000e+02
  -1.010000e+03 1.010000e+03 1.000000e+02
  -1.010000e+03 9.900000e+02 1.000000e+02


422 5 1
  -9.100000e+02 9.900000e+02 1.000000e+02
  -8.900000e+02 9.900000e+02 1.000000e+02
  -8.900000e+02 1.010000e+03 1.000000e+02
  -9.100000e+02 1.010000e+03 1.000000e+02
  -9.100000e+02 9.900000e+02 1.000000e+02


423 5 1
  -8.100000e+02 9.900000e+02 1.000000e+02
  -7.900000e+02 9.900000e+02 1.000000e+02
  -7.900000e+02 1.010000e+03 1.000000e+02
  -8.100000e+02 1.010000e+03 1.000000e+02
  -8.100000e+02 9.900000e+02 1.000000e+02


424 5 1
  -7.100000e+02 9.900000e+02 1.000000e+02
  -6.900000e+02 9.900000e+02 1.000000e+02
  -6.900000e+02 1.010000e+03 1.000000e+02
  -7.100000e+02 1.010000e+03 1.000000e+02
  -7.100000e+02 9.900000e+02 1.000000e+02


425 5 1
  -6.100000e+02 9.900000e+02 1.000000e+02
  -5.900000e+02 9.900000e+02 1.000000e+02
  -5.900000e+02 1.010000e+03 1.000000e+02
  -6.100000e+02 1.010000e+03 1.000000e+02
  -6.100000e+02 9.900000e+02 1.000000e+02


426 5 1
  -5.100000e+02 9.900000e+02 1.000000e+02
  -4.900000e+02 9.900000e+02 1.000000e+02
  -4.900000e+02 1.010000e+03 1.000000e+02
  -5.100000e+02 1.010000e+03 1.000000e+02
  -5.100000e+02 9.900000e+02 1.000000e+02


427 5 1
  -4.100000e+02 9.900000e+02 1.000000e+02
  -3.900000e+02 9.900000e+02 1.000000e+02
  -3.900000e+02 1.010000e+03 1.000000e+02
  -4.100000e+02 1.010000e+03 1.000000e+02
  -4.100000e+02 9.900000e+02 1.000000e+02


428 5 1
  -3.100000e+02 9.900000e+02 1.000000e+02
  -2.900000e+02 9.900000e+02 1.000000e+02
  -2.900000e+02 1.010000e+03 1.000000e+02
  -3.100000e+02 1.010000e+03 1.000000e+02
  -3.100000e+02 9.900000e+02 1.000000e+02


429 5 1
  -2.100000e+02 9.900000e+02 1.000000e+02
  -1.900000e+02 9.900000e+02 1.000000e+02
  -1.900000e+02 1.010000e+03 1.000000e+02
  -2.100000e+02 1.010000e+03 1.000000e+02
  -2.100000e+02 9.900000e+02 1.000000e+02


430 5 1
  -1.100000e+02 9.900000e+02 1.000000e+02
  -9.000000e+01 9.900000e+02 1.000000e+02
  -9.000000e+01 1.010000e+03 1.000000e+02
  -1.100000e+02 1.010000e+03 1.000000e+02
  -1.100000e+02 9.900000e+02 1.000000e+02


431 5 1
  -1.000000e+01 9.900000e+02 1.000000e+02
  1.000000e+01 9.900000e+02 1.000000e+02
  1.000000e+01 1.010000e+03 1.000000e+02
  -1.000000e+01 1.010000e+03 1.000000e+02
  -1.000000e+01 9.900000e+02 1.000000e+02


432 5 1
  9.000000e+01 9.900000e+02 1.000000e+02
  1.100000e+02 9.900000e+02 1.000000e+02
  1.100000e+02 1.010000e+03 1.000000e+02
  9.000000e+01 1.010000e+03 1.000000e+02
  9.000000e+01 9.900000e+02 1.000000e+02


433 5 1
  1.900000e+02 9.900000e+02 1.000000e+02
  2.100000e+02 9.900000e+02 1.000000e+02
  2.100000e+02 1.010000e+03 1.000000e+02
  1.900000e+02 1.010000e+03 1.000000e+02
  1.900000e+02 9.900000e+02 1.000000e+02


434 5 1
  2.900000e+02 9.900000e+02 1.000000e+02
  3.100000e+02 9.900000e+02 1.000000e+02
  3.100000e+02 1.010000e+03 1.000000e+02
  2.900000e+02 1.010000e+03 1.000000e+02
  2.900000e+02 9.900000e+02 1.000000e+02


435 5 1
  3.900000e+02 9.900000e+02 1.000000e+02
  4.100000e+02 9.900000e+02 1.000000e+02
  4.100000e+02 1.010000e+03 1.000000e+02
  3.900000e+02 1.010000e+03 1.000000e+02
  3.900000e+02 9.900000e+02 1.000000e+02


436 5 1
  4.900000e+02 9.900000e+02 1.000000e+02
  5.100000e+02 9.900000e+02 1.000000e+02
  5.100000e+02 1.010000e+03 1.000000e+02
  4.900000e+02 1.010000e+03 1.000000e+02
  4.900000e+02 9.900000e+02 1.000000e+02


437 5 1
  5.900000e+02 9.900000e+02 1.000000e+02
  6.100000e+02 9.900000e+02 1.000000e+02
  6.100000e+02 1.010000e+03 1.000000e+02
  5.900000e+02 1.010000e+03 1.000000e+02
  5.900000e+02 9.900000e+02 1.000000e+02


438 5 1
  6.900000e+02 9.900000e+02 1.000000e+02
  7.100000e+02 9.900000e+02 1.000000e+02
  7.100000e+02 1.010000e+03 1.000000e+02
  6.900000e+02 1.010000e+03 1.000000e+02
  6.900000e+02 9.900000e+02 1.000000e+02


439 5 1
  7.900000e+02 9.900000e+02 1.000000e+02
  8.100000e+02 9.900000e+02 1.000000e+02
  8.100000e+02 1.010000e+03 1.000000e+02
  7.900000e+02 1.010000e+03 1.000000e+02
  7.900000e+02 9.900000e+02 1.000000e+02


440 5 1
  8.900000e+02 9.900000e+02 1.000000e+02
  9.100000e+02 9.900000e+02 1.000000e+02
  9.100000e+02 1.010000e+03 1.000000e+02
  8.900000e+02 1.010000e+03 1.000000e+02
  8.900000e+02 9.900000e+02 1.000000e+02


441 5 1
  9.900000e+02 9.900000e+02 1.000000e+02
  1.010000e+03 9.900000e+02 1.000000e+02
  1.010000e+03 1.010000e+03 1.000000e+02
  9.900000e+02 1.010000e+03 1.000000e+02
  9.900000e+02 9.900000e+02 1.000000e+02


